    TIME |        SOLAR POSITION |      ANTENNA POSITION |
HH:MM:SS |    Azimuth  Elevation |    Azimuth  Elevation |
----------------------------------------------------------
06:45:01       82.578     10.304       82.572     10.299
06:46:07       82.736     10.522       82.739     10.526
06:47:08       82.882     10.724       82.883     10.726
06:48:09       83.028     10.926       83.029     10.928
06:49:10       83.174     11.128       83.176     11.132
06:50:12       83.322     11.334       83.322     11.334
06:51:13       83.468     11.536       83.469     11.538
06:52:14       83.614     11.738       83.615     11.740
06:53:15       83.760     11.941       83.761     11.941
06:54:16       83.906     12.143       83.909     12.145
06:55:17       84.052     12.346       84.053     12.348
06:56:18       84.199     12.548       84.200     12.552
06:57:20       84.347     12.754       84.347     12.755
06:58:21       84.493     12.957       84.494     12.959
06:59:22       84.640     13.160       84.641     13.162
07:00:23       84.786     13.363       84.787     13.365
07:01:24       84.932     13.566       84.935     13.568
07:02:25       85.079     13.769       85.080     13.771
07:03:26       85.225     13.972       85.227     13.977
07:04:27       85.372     14.176       85.374     14.179
07:05:29       85.521     14.382       85.521     14.382
07:06:30       85.668     14.586       85.667     14.587
07:07:31       85.814     14.789       85.815     14.790
07:08:32       85.961     14.993       85.962     14.994
07:09:33       86.108     15.196       86.110     15.200
07:10:34       86.255     15.400       86.258     15.403
07:11:35       86.402     15.603       86.404     15.605
07:12:37       86.552     15.810       86.552     15.810
07:13:38       86.699     16.014       86.699     16.014
07:14:39       86.847     16.218       86.848     16.220
07:15:40       86.994     16.422       86.995     16.423
07:16:41       87.142     16.625       87.143     16.627
07:17:42       87.290     16.829       87.292     16.832
07:18:43       87.437     17.033       87.440     17.037
07:19:45       87.588     17.241       87.588     17.241
07:20:46       87.736     17.445       87.736     17.445
07:21:47       87.884     17.649       87.884     17.649
07:22:48       88.033     17.853       88.034     17.855
07:23:49       88.181     18.057       88.182     18.058
07:24:50       88.330     18.261       88.331     18.264
07:25:51       88.479     18.465       88.481     18.469
07:26:52       88.628     18.669       88.630     18.672
07:27:54       88.779     18.877       88.779     18.877
07:28:55       88.929     19.081       88.930     19.081
07:29:56       89.078     19.285       89.078     19.287
07:30:57       89.228     19.489       89.229     19.491
07:31:58       89.378     19.694       89.379     19.700
07:32:59       89.528     19.898       89.530     19.901
07:34:00       89.678     20.102       89.680     20.106
07:35:02       89.831     20.310       89.831     20.310
07:36:03       89.981     20.514       89.983     20.514
07:37:04       90.132     20.718       90.133     20.718
07:38:05       90.283     20.923       90.284     20.925
07:39:06       90.434     21.127       90.435     21.129
07:40:07       90.586     21.331       90.587     21.335
07:41:08       90.737     21.536       90.740     21.540
07:42:09       90.889     21.740       90.892     21.745
07:43:11       91.044     21.948       91.044     21.947
07:44:12       91.196     22.152       91.197     22.152
07:45:13       91.349     22.356       91.350     22.358
07:46:14       91.502     22.560       91.503     22.562
07:47:15       91.655     22.765       91.656     22.768
07:48:16       91.808     22.969       91.810     22.972
07:49:17       91.962     23.173       91.964     23.176
07:50:19       92.118     23.381       92.118     23.380
07:51:20       92.272     23.585       92.272     23.585
07:52:21       92.427     23.789       92.428     23.791
07:53:22       92.581     23.993       92.583     23.995
07:54:23       92.736     24.198       92.738     24.199
07:55:24       92.892     24.402       92.894     24.405
07:56:25       93.047     24.606       93.050     24.610
07:57:27       93.205     24.813       93.206     24.815
07:58:28       93.362     25.017       93.362     25.017
07:59:29       93.518     25.222       93.519     25.222
08:00:30       93.675     25.426       93.676     25.427
08:01:31       93.832     25.630       93.833     25.631
08:02:32       93.989     25.833       93.992     25.837
08:03:33       94.147     26.037       94.150     26.041
08:04:34       94.305     26.241       94.308     26.245
08:05:36       94.466     26.448       94.466     26.448
08:06:37       94.625     26.652       94.625     26.652
08:07:38       94.784     26.856       94.786     26.858
08:08:39       94.944     27.060       94.945     27.062
08:09:40       95.104     27.263       95.105     27.265
08:10:41       95.264     27.467       95.267     27.470
08:11:42       95.425     27.671       95.427     27.674
08:12:44       95.588     27.877       95.589     27.877
08:13:45       95.750     28.081       95.750     28.083
08:14:46       95.912     28.284       95.913     28.284
08:15:47       96.074     28.488       96.075     28.489
08:16:48       96.237     28.691       96.238     28.693
08:17:49       96.400     28.894       96.403     28.898
08:18:50       96.563     29.097       96.566     29.100
08:19:52       96.730     29.304       96.730     29.304
08:20:53       96.894     29.507       96.894     29.508
08:21:54       97.059     29.710       97.059     29.711
08:22:55       97.224     29.913       97.226     29.913
08:23:56       97.390     30.116       97.391     30.117
08:24:57       97.556     30.318       97.559     30.320
08:25:58       97.723     30.521       97.726     30.524
08:26:59       97.890     30.724       97.893     30.727
08:28:01       98.060     30.929       98.062     30.929
08:29:02       98.228     31.132       98.228     31.133
08:30:03       98.397     31.334       98.399     31.334
08:31:04       98.566     31.536       98.567     31.538
08:32:05       98.736     31.739       98.737     31.740
08:33:06       98.906     31.941       98.909     31.945
08:34:07       99.077     32.143       99.079     32.146
08:35:09       99.251     32.348       99.251     32.348
08:36:10       99.423     32.550       99.423     32.551
08:37:11       99.595     32.751       99.595     32.753
08:38:12       99.768     32.953       99.769     32.955
08:39:13       99.941     33.155       99.943     33.156
08:40:14      100.115     33.356      100.118     33.358
08:41:15      100.290     33.557      100.293     33.561
08:42:17      100.468     33.762      100.468     33.762
08:43:18      100.644     33.963      100.644     33.963
08:44:19      100.820     34.164      100.820     34.165
08:45:20      100.997     34.365      100.999     34.366
08:46:21      101.175     34.565      101.177     34.567
08:47:22      101.353     34.766      101.358     34.767
08:48:23      101.532     34.966      101.535     34.975
08:49:24      101.712     35.167      101.715     35.170
08:50:26      101.895     35.370      101.897     35.370
08:51:27      102.076     35.570      102.076     35.572
08:52:28      102.258     35.770      102.258     35.772
08:53:29      102.440     35.970      102.442     35.972
08:54:30      102.623     36.170      102.625     36.173
08:55:31      102.807     36.369      102.810     36.371
08:56:32      102.991     36.569      102.994     36.572
08:57:34      103.179     36.771      103.179     36.771
08:58:35      103.365     36.970      103.367     36.970
08:59:36      103.552     37.169      103.552     37.171
09:00:37      103.739     37.368      103.741     37.370
09:01:38      103.928     37.567      103.929     37.570
09:02:39      104.116     37.765      104.118     37.768
09:03:40      104.306     37.963      104.309     37.967
09:04:42      104.500     38.165      104.500     38.165
09:05:43      104.691     38.363      104.693     38.362
09:06:44      104.883     38.561      104.885     38.560
09:07:45      105.076     38.758      105.076     38.760
09:08:46      105.270     38.956      105.272     38.958
09:09:47      105.465     39.153      105.466     39.156
09:10:48      105.660     39.350      105.664     39.354
09:11:49      105.857     39.547      105.860     39.554
09:12:51      106.057     39.747      106.057     39.747
09:13:52      106.255     39.943      106.257     39.943
09:14:53      106.454     40.140      106.456     40.141
09:15:54      106.654     40.336      106.656     40.337
09:16:55      106.855     40.532      106.857     40.536
09:17:56      107.057     40.727      107.059     40.730
09:18:57      107.260     40.923      107.263     40.926
09:19:59      107.467     41.121      107.467     41.121
09:21:00      107.672     41.316      107.673     41.316
09:22:01      107.877     41.511      107.879     41.511
09:23:02      108.084     41.706      108.086     41.707
09:24:03      108.292     41.900      108.294     41.902
09:25:04      108.501     42.094      108.503     42.097
09:26:05      108.711     42.288      108.714     42.291
09:27:06      108.921     42.482      108.925     42.485
09:28:08      109.137     42.678      109.137     42.678
09:29:09      109.350     42.872      109.352     42.872
09:30:10      109.564     43.064      109.566     43.066
09:31:11      109.779     43.257      109.781     43.259
09:32:12      109.996     43.449      109.997     43.453
09:33:13      110.213     43.642      110.215     43.645
09:34:14      110.432     43.834      110.435     43.837
09:35:16      110.655     44.028      110.655     44.028
09:36:17      110.876     44.220      110.878     44.220
09:37:18      111.098     44.411      111.100     44.412
09:38:19      111.322     44.601      111.324     44.603
09:39:20      111.546     44.792      111.548     44.793
09:40:21      111.772     44.982      111.774     44.985
09:41:22      111.999     45.172      112.003     45.175
09:42:24      112.231     45.365      112.231     45.365
09:43:25      112.461     45.554      112.463     45.554
09:44:26      112.692     45.743      112.694     45.743
09:45:27      112.924     45.931      112.926     45.933
09:46:28      113.158     46.120      113.160     46.121
09:47:29      113.393     46.308      113.395     46.311
09:48:30      113.629     46.495      113.631     46.498
09:49:31      113.867     46.683      113.871     46.685
09:50:33      114.110     46.873      114.110     46.873
09:51:34      114.350     47.059      114.352     47.059
09:52:35      114.592     47.245      114.594     47.247
09:53:36      114.836     47.431      114.842     47.433
09:54:37      115.081     47.617      115.085     47.620
09:55:38      115.327     47.802      115.332     47.805
09:56:39      115.575     47.987      115.579     47.988
09:57:41      115.829     48.174      115.829     48.174
09:58:42      116.080     48.358      116.080     48.358
09:59:43      116.332     48.542      116.334     48.543
10:00:44      116.586     48.725      116.589     48.726
10:01:45      116.842     48.908      116.844     48.912
10:02:46      117.099     49.090      117.104     49.093
10:03:47      117.358     49.272      117.363     49.275
10:04:49      117.623     49.457      117.623     49.457
10:05:50      117.886     49.638      117.888     49.638
10:06:51      118.150     49.818      118.150     49.818
10:07:52      118.415     49.999      118.418     50.000
10:08:53      118.683     50.178      118.685     50.180
10:09:54      118.952     50.358      118.955     50.360
10:10:55      119.223     50.536      119.228     50.540
10:11:56      119.496     50.715      119.500     50.715
10:12:58      119.775     50.896      119.775     50.895
10:13:59      120.052     51.073      120.054     51.073
10:15:00      120.330     51.250      120.332     51.252
10:16:01      120.610     51.426      120.613     51.428
10:17:02      120.892     51.602      120.895     51.605
10:18:03      121.177     51.778      121.179     51.780
10:19:04      121.463     51.952      121.467     51.955
10:20:06      121.755     52.130      121.755     52.131
10:21:07      122.045     52.303      122.048     52.303
10:22:08      122.338     52.477      122.340     52.477
10:23:09      122.632     52.649      122.634     52.650
10:24:10      122.928     52.821      122.930     52.823
10:25:11      123.226     52.993      123.229     52.995
10:26:12      123.526     53.164      123.531     53.167
10:27:14      123.834     53.337      123.834     53.337
10:28:15      124.139     53.507      124.139     53.507
10:29:16      124.445     53.676      124.448     53.675
10:30:17      124.755     53.844      124.757     53.845
10:31:18      125.066     54.012      125.072     54.013
10:32:19      125.379     54.179      125.382     54.180
10:33:20      125.695     54.346      125.698     54.348
10:34:21      126.013     54.512      126.019     54.515
10:35:23      126.339     54.680      126.339     54.681
10:36:24      126.662     54.844      126.665     54.845
10:37:25      126.987     55.008      126.990     55.008
10:38:26      127.315     55.171      127.317     55.172
10:39:27      127.645     55.334      127.652     55.335
10:40:28      127.977     55.495      127.980     55.498
10:41:29      128.312     55.656      128.318     55.659
10:42:31      128.655     55.819      128.655     55.819
10:43:32      128.995     55.979      128.995     55.980
10:44:33      129.338     56.137      129.341     56.138
10:45:34      129.683     56.295      129.686     56.297
10:46:35      130.031     56.452      130.036     56.454
10:47:36      130.381     56.609      130.387     56.611
10:48:37      130.734     56.764      130.737     56.767
10:49:39      131.095     56.922      131.096     56.922
10:50:40      131.454     57.075      131.454     57.077
10:51:41      131.815     57.229      131.818     57.228
10:52:42      132.179     57.381      132.182     57.382
10:53:43      132.545     57.532      132.548     57.533
10:54:44      132.915     57.682      132.921     57.683
10:55:45      133.287     57.832      133.290     57.834
10:56:46      133.662     57.980      133.668     57.983
10:57:48      134.046     58.130      134.046     58.132
10:58:49      134.427     58.277      134.430     58.279
10:59:50      134.810     58.423      134.813     58.423
11:00:51      135.197     58.568      135.200     58.569
11:01:52      135.586     58.711      135.593     58.713
11:02:53      135.979     58.854      135.985     58.857
11:03:54      136.374     58.996      136.381     58.998
11:04:56      136.779     59.139      136.779     59.139
11:05:57      137.181     59.279      137.181     59.280
11:06:58      137.586     59.417      137.589     59.417
11:07:59      137.993     59.555      137.996     59.556
11:09:00      138.404     59.692      138.410     59.693
11:10:01      138.818     59.827      138.821     59.827
11:11:02      139.235     59.961      139.238     59.963
11:12:04      139.662     60.097      139.661     60.097
11:13:05      140.085     60.229      140.085     60.230
11:14:06      140.512     60.359      140.515     60.360
11:15:07      140.941     60.489      140.944     60.489
11:16:08      141.374     60.617      141.382     60.618
11:17:09      141.810     60.745      141.813     60.745
11:18:10      142.249     60.871      142.256     60.873
11:19:11      142.692     60.995      142.699     60.998
11:20:13      143.145     61.121      143.144     61.121
11:21:14      143.594     61.243      143.596     61.244
11:22:15      144.046     61.364      144.048     61.365
11:23:16      144.501     61.484      144.504     61.485
11:24:17      144.960     61.602      144.962     61.603
11:25:18      145.422     61.719      145.430     61.721
11:26:19      145.887     61.835      145.895     61.836
11:27:21      146.364     61.951      146.363     61.951
11:28:22      146.835     62.063      146.837     62.065
11:29:23      147.311     62.175      147.311     62.176
11:30:24      147.789     62.285      147.791     62.286
11:31:25      148.271     62.393      148.273     62.394
11:32:26      148.756     62.500      148.764     62.501
11:33:27      149.244     62.606      149.252     62.608
11:34:29      149.743     62.711      149.745     62.711
11:35:30      150.238     62.814      150.238     62.814
11:36:31      150.736     62.915      150.736     62.916
11:37:32      151.237     63.014      151.239     63.015
11:38:33      151.741     63.112      151.743     63.113
11:39:34      152.249     63.208      152.257     63.209
11:40:35      152.760     63.303      152.763     63.305
11:41:36      153.274     63.396      153.282     63.398
11:42:38      153.799     63.489      153.799     63.489
11:43:39      154.319     63.578      154.319     63.579
11:44:40      154.842     63.666      154.844     63.667
11:45:41      155.368     63.753      155.370     63.754
11:46:42      155.898     63.837      155.900     63.838
11:47:43      156.430     63.920      156.439     63.921
11:48:44      156.965     64.001      156.974     64.003
11:49:46      157.512     64.082      157.512     64.082
11:50:47      158.053     64.160      158.054     64.160
11:51:48      158.597     64.235      158.598     64.236
11:52:49      159.143     64.309      159.144     64.310
11:53:50      159.693     64.381      159.694     64.382
11:54:51      160.245     64.452      160.250     64.452
11:55:52      160.800     64.520      160.808     64.521
11:56:54      161.366     64.588      161.366     64.588
11:57:55      161.926     64.652      161.926     64.653
11:58:56      162.488     64.715      162.488     64.715
11:59:57      163.053     64.776      163.054     64.776
12:00:58      163.620     64.835      163.621     64.836
12:01:59      164.190     64.892      164.197     64.892
12:03:00      164.762     64.947      164.764     64.947
12:04:01      165.336     65.000      165.345     65.000
12:05:03      165.921     65.051      165.921     65.051
12:06:04      166.499     65.100      166.500     65.100
12:07:05      167.080     65.147      167.080     65.148
12:08:06      167.662     65.192      167.662     65.193
12:09:07      168.246     65.235      168.248     65.236
12:10:08      168.831     65.276      168.832     65.277
12:11:09      169.419     65.315      169.428     65.315
12:12:11      170.017     65.352      170.017     65.352
12:13:12      170.608     65.387      170.608     65.387
12:14:13      171.200     65.419      171.200     65.420
12:15:14      171.793     65.450      171.793     65.447
12:16:15      172.388     65.478      172.388     65.477
12:17:16      172.984     65.505      172.985     65.504
12:18:17      173.580     65.529      173.581     65.529
12:19:19      174.188     65.551      174.188     65.551
12:20:20      174.787     65.571      174.787     65.569
12:21:21      175.386     65.589      175.387     65.587
12:22:22      175.987     65.604      175.987     65.605
12:23:23      176.588     65.618      176.588     65.618
12:24:24      177.189     65.629      177.188     65.632
12:25:25      177.791     65.638      177.793     65.639
12:26:26      178.394     65.645      178.399     65.645
12:27:28      179.006     65.650      179.006     65.650
12:28:29      179.609     65.653      179.609     65.653
12:29:30      180.212     65.654      180.212     65.654
12:30:31      180.815     65.652      180.813     65.652
12:31:32      181.417     65.648      181.419     65.650
12:32:33      182.020     65.642      182.021     65.642
12:33:34      182.622     65.634      182.623     65.635
12:34:36      183.234     65.624      183.231     65.626
12:35:37      183.835     65.612      183.835     65.613
12:36:38      184.436     65.597      184.435     65.597
12:37:39      185.036     65.580      185.036     65.580
12:38:40      185.635     65.562      185.635     65.565
12:39:41      186.233     65.541      186.233     65.542
12:40:42      186.831     65.518      186.836     65.515
12:41:44      187.437     65.492      187.435     65.492
12:42:45      188.032     65.465      188.032     65.465
12:43:46      188.626     65.435      188.626     65.435
12:44:47      189.219     65.404      189.219     65.404
12:45:48      189.810     65.370      189.810     65.371
12:46:49      190.400     65.335      190.400     65.334
12:47:50      190.988     65.297      190.993     65.295
12:48:51      191.574     65.257      191.577     65.257
12:49:53      192.169     65.215      192.169     65.215
12:50:54      192.752     65.171      192.752     65.170
12:51:55      193.333     65.125      193.333     65.125
12:52:56      193.912     65.077      193.913     65.077
12:53:57      194.489     65.027      194.496     65.027
12:54:58      195.064     64.975      195.065     64.975
12:55:59      195.637     64.921      195.642     64.920
12:57:01      196.217     64.865      196.217     64.865
12:58:02      196.786     64.807      196.786     64.807
12:59:03      197.352     64.747      197.353     64.746
13:00:04      197.916     64.685      197.916     64.685
13:01:05      198.477     64.622      198.483     64.620
13:02:06      199.035     64.556      199.039     64.555
13:03:07      199.592     64.489      199.593     64.488
13:04:09      200.154     64.418      200.154     64.418
13:05:10      200.705     64.347      200.705     64.347
13:06:11      201.253     64.274      201.254     64.274
13:07:12      201.798     64.199      201.799     64.198
13:08:13      202.340     64.123      202.343     64.122
13:09:14      202.880     64.044      202.882     64.043
13:10:15      203.417     63.964      203.426     63.963
13:11:16      203.951     63.882      203.959     63.881
13:12:18      204.490     63.797      204.490     63.797
13:13:19      205.018     63.712      205.019     63.712
13:14:20      205.543     63.625      205.543     63.624
13:15:21      206.064     63.536      206.065     63.535
13:16:22      206.583     63.445      206.584     63.444
13:17:23      207.098     63.353      207.107     63.352
13:18:24      207.611     63.260      207.619     63.259
13:19:26      208.128     63.163      208.128     63.163
13:20:27      208.634     63.066      208.636     63.066
13:21:28      209.137     62.967      209.137     62.966
13:22:29      209.637     62.867      209.638     62.866
13:23:30      210.133     62.765      210.135     62.764
13:24:31      210.626     62.662      210.624     62.660
13:25:32      211.116     62.557      211.124     62.555
13:26:34      211.611     62.449      211.611     62.449
13:27:35      212.094     62.342      212.094     62.342
13:28:36      212.574     62.233      212.574     62.233
13:29:37      213.051     62.122      213.053     62.121
13:30:38      213.524     62.010      213.527     62.009
13:31:39      213.995     61.897      214.003     61.895
13:32:40      214.462     61.782      214.469     61.780
13:33:41      214.925     61.666      214.930     61.665
13:34:43      215.393     61.546      215.393     61.546
13:35:44      215.850     61.427      215.851     61.427
13:36:45      216.304     61.307      216.307     61.306
13:37:46      216.755     61.185      216.757     61.185
13:38:47      217.202     61.063      217.206     61.061
13:39:48      217.647     60.939      217.654     60.937
13:40:49      218.087     60.813      218.095     60.811
13:41:51      218.532     60.685      218.532     60.685
13:42:52      218.967     60.557      218.967     60.557
13:43:53      219.398     60.428      219.398     60.427
13:44:54      219.826     60.298      219.829     60.297
13:45:55      220.251     60.166      220.254     60.165
13:46:56      220.673     60.034      220.680     60.032
13:47:57      221.091     59.900      221.099     59.898
13:48:58      221.507     59.765      221.514     59.763
13:50:00      221.926     59.627      221.926     59.627
13:51:01      222.335     59.490      222.335     59.490
13:52:02      222.741     59.352      222.745     59.351
13:53:03      223.145     59.213      223.148     59.212
13:54:04      223.545     59.073      223.551     59.070
13:55:05      223.942     58.932      223.948     58.930
13:56:06      224.336     58.790      224.342     58.787
13:57:08      224.733     58.644      224.733     58.644
13:58:09      225.122     58.500      225.121     58.500
13:59:10      225.507     58.355      225.510     58.354
14:00:11      225.889     58.209      225.892     58.207
14:01:12      226.268     58.062      226.271     58.060
14:02:13      226.645     57.913      226.651     57.911
14:03:14      227.019     57.765      227.025     57.762
14:04:16      227.396     57.612      227.396     57.610
14:05:17      227.764     57.461      227.764     57.462
14:06:18      228.129     57.310      228.129     57.310
14:07:19      228.491     57.157      228.495     57.156
14:08:20      228.851     57.004      228.854     57.003
14:09:21      229.208     56.850      229.214     56.847
14:10:22      229.563     56.695      229.569     56.692
14:11:23      229.914     56.539      229.920     56.536
14:12:25      230.269     56.380      230.269     56.378
14:13:26      230.616     56.222      230.616     56.222
14:14:27      230.960     56.064      230.962     56.063
14:15:28      231.301     55.905      231.303     55.904
14:16:29      231.640     55.745      231.645     55.744
14:17:30      231.976     55.585      231.981     55.582
14:18:31      232.310     55.423      232.313     55.420
14:19:33      232.647     55.259      232.647     55.259
14:20:34      232.976     55.096      232.976     55.096
14:21:35      233.302     54.933      233.305     54.933
14:22:36      233.626     54.768      233.629     54.767
14:23:37      233.948     54.604      233.951     54.602
14:24:38      234.267     54.438      234.272     54.435
14:25:39      234.584     54.272      234.589     54.270
14:26:41      234.904     54.103      234.904     54.102
14:27:42      235.217     53.935      235.217     53.934
14:28:43      235.527     53.767      235.527     53.767
14:29:44      235.835     53.598      235.838     53.597
14:30:45      236.141     53.429      236.143     53.428
14:31:46      236.445     53.259      236.449     53.258
14:32:47      236.746     53.089      236.751     53.086
14:33:49      237.051     52.915      237.051     52.915
14:34:50      237.348     52.743      237.348     52.742
14:35:51      237.643     52.571      237.643     52.570
14:36:52      237.936     52.398      237.938     52.397
14:37:53      238.227     52.224      238.230     52.223
14:38:54      238.516     52.051      238.521     52.049
14:39:55      238.804     51.876      238.808     51.873
14:40:56      239.089     51.701      239.094     51.698
14:41:58      239.377     51.523      239.379     51.523
14:42:59      239.658     51.347      239.658     51.345
14:44:00      239.937     51.170      239.940     51.169
14:45:01      240.215     50.993      240.217     50.992
14:46:02      240.491     50.816      240.493     50.814
14:47:03      240.764     50.638      240.769     50.636
14:48:04      241.037     50.459      241.041     50.456
14:49:06      241.311     50.277      241.311     50.277
14:50:07      241.580     50.098      241.582     50.098
14:51:08      241.846     49.918      241.846     49.917
14:52:09      242.111     49.737      242.113     49.736
14:53:10      242.375     49.557      242.377     49.555
14:54:11      242.636     49.376      242.638     49.374
14:55:12      242.896     49.194      242.900     49.192
14:56:13      243.154     49.012      243.159     49.009
14:57:15      243.415     48.826      243.415     48.826
14:58:16      243.670     48.643      243.673     48.644
14:59:17      243.924     48.460      243.926     48.458
15:00:18      244.176     48.276      244.178     48.275
15:01:19      244.426     48.092      244.428     48.090
15:02:20      244.675     47.908      244.677     47.905
15:03:21      244.922     47.723      244.926     47.722
15:04:23      245.172     47.535      245.172     47.535
15:05:24      245.416     47.349      245.416     47.350
15:06:25      245.659     47.163      245.661     47.162
15:07:26      245.900     46.977      245.902     46.975
15:08:27      246.140     46.790      246.144     46.784
15:09:28      246.379     46.603      246.383     46.600
15:10:29      246.616     46.416      246.620     46.413
15:11:31      246.856     46.225      246.856     46.225
15:12:32      247.090     46.037      247.090     46.037
15:13:33      247.323     45.849      247.323     45.849
15:14:34      247.555     45.660      247.557     45.659
15:15:35      247.785     45.471      247.787     45.470
15:16:36      248.014     45.282      248.018     45.278
15:17:37      248.242     45.093      248.246     45.090
15:18:38      248.469     44.903      248.472     44.899
15:19:40      248.698     44.709      248.698     44.710
15:20:41      248.922     44.519      248.923     44.517
15:21:42      249.145     44.328      249.147     44.328
15:22:43      249.366     44.137      249.368     44.135
15:23:44      249.587     43.946      249.589     43.944
15:24:45      249.806     43.754      249.808     43.751
15:25:46      250.025     43.562      250.028     43.559
15:26:48      250.245     43.367      250.245     43.367
15:27:49      250.461     43.175      250.461     43.173
15:28:50      250.676     42.982      250.678     42.981
15:29:51      250.889     42.789      250.891     42.787
15:30:52      251.102     42.596      251.104     42.594
15:31:53      251.314     42.403      251.317     42.401
15:32:54      251.524     42.209      251.526     42.206
15:33:56      251.737     42.012      251.737     42.012
15:34:57      251.945     41.818      251.945     41.816
15:35:58      252.153     41.623      252.154     41.623
15:36:59      252.359     41.429      252.361     41.427
15:38:00      252.564     41.234      252.566     41.233
15:39:01      252.769     41.039      252.772     41.037
15:40:02      252.972     40.844      252.974     40.841
15:41:03      253.175     40.648      253.178     40.645
15:42:05      253.380     40.450      253.380     40.450
15:43:06      253.580     40.254      253.580     40.252
15:44:07      253.780     40.058      253.781     40.056
15:45:08      253.979     39.861      253.980     39.860
15:46:09      254.176     39.665      254.180     39.663
15:47:10      254.373     39.468      254.377     39.467
15:48:11      254.569     39.272      254.573     39.268
15:49:13      254.768     39.071      254.769     39.071
15:50:14      254.962     38.874      254.962     38.873
15:51:15      255.156     38.677      255.156     38.675
15:52:16      255.348     38.479      255.350     38.478
15:53:17      255.540     38.282      255.542     38.280
15:54:18      255.731     38.084      255.734     38.082
15:55:19      255.922     37.886      255.925     37.884
15:56:21      256.114     37.684      256.114     37.684
15:57:22      256.303     37.486      256.304     37.486
15:58:23      256.491     37.287      256.492     37.286
15:59:24      256.678     37.089      256.678     37.087
16:00:25      256.864     36.890      256.866     36.888
16:01:26      257.050     36.691      257.052     36.688
16:02:27      257.235     36.492      257.238     36.490
16:03:28      257.419     36.292      257.422     36.289
16:04:30      257.606     36.090      257.606     36.090
16:05:31      257.789     35.890      257.790     35.890
16:06:32      257.971     35.690      257.972     35.689
16:07:33      258.152     35.490      258.154     35.489
16:08:34      258.333     35.291      258.334     35.287
16:09:35      258.513     35.090      258.515     35.087
16:10:36      258.692     34.890      258.696     34.888
16:11:38      258.874     34.687      258.874     34.687
16:12:39      259.052     34.486      259.052     34.486
16:13:40      259.230     34.285      259.231     34.284
16:14:41      259.407     34.085      259.408     34.083
16:15:42      259.583     33.884      259.587     33.881
16:16:43      259.759     33.683      259.760     33.680
16:17:44      259.934     33.482      259.935     33.478
16:18:46      260.111     33.278      260.111     33.278
16:19:47      260.285     33.076      260.285     33.076
16:20:48      260.458     32.875      260.460     32.875
16:21:49      260.631     32.673      260.632     32.672
16:22:50      260.803     32.472      260.811     32.470
16:23:51      260.975     32.270      260.978     32.267
16:24:52      261.146     32.068      261.148     32.065
16:25:53      261.317     31.867      261.320     31.863
16:26:55      261.490     31.661      261.490     31.660
16:27:56      261.659     31.459      261.659     31.460
16:28:57      261.828     31.257      261.830     31.255
16:29:58      261.997     31.055      261.998     31.053
16:30:59      262.165     30.853      262.168     30.851
16:32:00      262.333     30.650      262.335     30.647
16:33:01      262.500     30.448      262.502     30.445
16:34:03      262.669     30.242      262.669     30.240
16:35:04      262.835     30.040      262.835     30.040
16:36:05      263.001     29.837      263.001     29.837
16:37:06      263.166     29.634      263.167     29.633
16:38:07      263.331     29.431      263.332     29.430
16:39:08      263.495     29.229      263.497     29.225
16:40:09      263.659     29.026      263.661     29.023
16:41:11      263.825     28.819      263.825     28.819
16:42:12      263.988     28.616      263.988     28.615
16:43:13      264.151     28.413      264.151     28.413
16:44:14      264.313     28.210      264.314     28.209
16:45:15      264.475     28.007      264.476     28.005
16:46:16      264.636     27.804      264.639     27.800
16:47:17      264.797     27.600      264.800     27.597
16:48:19      264.961     27.393      264.961     27.394
16:49:20      265.121     27.190      265.122     27.188
16:50:21      265.281     26.987      265.282     26.985
16:51:22      265.440     26.783      265.442     26.782
16:52:23      265.599     26.580      265.601     26.578
16:53:24      265.758     26.376      265.760     26.375
16:54:25      265.917     26.172      265.919     26.169
16:55:27      266.078     25.965      266.077     25.965
16:56:28      266.235     25.762      266.237     25.762
16:57:29      266.393     25.558      266.394     25.556
16:58:30      266.550     25.354      266.550     25.352
16:59:31      266.707     25.150      266.708     25.149
17:00:32      266.863     24.947      266.865     24.945
17:01:33      267.019     24.743      267.022     24.741
17:02:34      267.175     24.539      267.178     24.535
17:03:36      267.333     24.332      267.333     24.332
17:04:37      267.489     24.128      267.490     24.126
17:05:38      267.644     23.924      267.645     23.922
17:06:39      267.799     23.720      267.800     23.718
17:07:40      267.953     23.516      267.954     23.514
17:08:41      268.107     23.312      268.107     23.310
17:09:42      268.261     23.108      268.264     23.104
17:10:44      268.417     22.900      268.417     22.901
17:11:45      268.571     22.696      268.572     22.696
17:12:46      268.724     22.492      268.725     22.491
17:13:47      268.877     22.288      268.878     22.287
17:14:48      269.029     22.084      269.031     22.081
17:15:49      269.182     21.880      269.183     21.879
17:16:50      269.334     21.676      269.337     21.675
17:17:52      269.489     21.469      269.488     21.469
17:18:53      269.640     21.265      269.640     21.265
17:19:54      269.792     21.061      269.793     21.059
17:20:55      269.943     20.857      269.945     20.855
17:21:56      270.094     20.653      270.096     20.651
17:22:57      270.245     20.449      270.248     20.445
17:23:58      270.396     20.245      270.397     20.243
17:24:59      270.546     20.041      270.549     20.037
17:26:01      270.699     19.833      270.699     19.833
17:27:02      270.849     19.629      270.851     19.630
17:28:03      270.999     19.425      271.001     19.424
17:29:04      271.149     19.221      271.150     19.220
17:30:05      271.299     19.017      271.302     19.014
17:31:06      271.448     18.814      271.451     18.810
17:32:07      271.598     18.610      271.600     18.607
17:33:09      271.749     18.402      271.751     18.402
17:34:10      271.898     18.199      271.898     18.198
17:35:11      272.047     17.995      272.047     17.993
17:36:12      272.196     17.791      272.197     17.789
17:37:13      272.344     17.587      272.346     17.585
17:38:14      272.493     17.384      272.495     17.380
17:39:15      272.641     17.180      272.644     17.177
17:40:17      272.792     16.973      272.792     16.972
17:41:18      272.940     16.769      272.941     16.769
17:42:19      273.088     16.566      273.088     16.564
17:43:20      273.235     16.362      273.237     16.361
17:44:21      273.383     16.159      273.385     16.157
17:45:22      273.531     15.955      273.532     15.952
17:46:23      273.678     15.752      273.681     15.749
17:47:24      273.826     15.549      273.828     15.545
17:48:26      273.975     15.342      273.975     15.342
17:49:27      274.123     15.139      274.124     15.139
17:50:28      274.270     14.935      274.271     14.934
17:51:29      274.417     14.732      274.418     14.731
17:52:30      274.564     14.529      274.565     14.526
17:53:31      274.711     14.326      274.712     14.323
17:54:32      274.858     14.123      274.860     14.122
17:55:34      275.007     13.917      275.007     13.917
17:56:35      275.153     13.714      275.154     13.714
17:57:36      275.300     13.512      275.301     13.510
17:58:37      275.447     13.309      275.448     13.307
17:59:38      275.593     13.106      275.594     13.103
18:00:39      275.740     12.904      275.741     12.900
18:01:40      275.886     12.701      275.889     12.698
18:02:42      276.035     12.496      276.035     12.495
18:03:43      276.181     12.293      276.182     12.293
18:04:44      276.328     12.091      276.329     12.089
18:05:45      276.474     11.889      276.475     11.887
18:06:46      276.620     11.687      276.623     11.687
18:07:47      276.767     11.485      276.769     11.482
18:08:48      276.913     11.283      276.914     11.280
18:09:49      277.059     11.081      277.061     11.078
18:10:51      277.208     10.876      277.208     10.874
18:11:52      277.354     10.675      277.355     10.675
18:12:53      277.500     10.473      277.501     10.472
18:13:54      277.646     10.272      277.649     10.270
18:14:55      277.793     10.071      277.795     10.069
