
                                      WDC for Geomagnetism, Kyoto
                                Hourly Equatorial Dst Values (REAL-TIME)  
                                            JANUARY   2017
      unit=nT                                                                                      UT
      1   2   3   4   5   6   7   8    9  10  11  12  13  14  15  16   17  18  19  20  21  22  23  24
DAY
 1  -11 -11 -14 -21 -29 -32 -32 -26  -22 -19 -13 -16 -14 -13 -15 -15  -19 -18 -13 -10 -10  -9  -8  -4
 2   -2  -4  -6  -9 -11 -11 -14 -20  -19 -14 -13 -14 -18 -24 -30 -32  -29 -25 -19 -17 -15 -11 -10  -6
 3   -5  -5  -4  -3  -6  -5  -3   1   -2   4  -6 -18 -23 -21 -19 -20  -20 -24 -27 -19 -18 -19 -15 -14
 4   -9  -6  -3   2  12  10   4  -2   -5  -5  -5  -6  -8 -12 -10  -9  -21 -18 -18 -22 -23 -25 -19 -19
 5  -19 -16 -16 -16 -11  -7 -15 -15  -16 -13 -10  -7  -4  -3  -5  -8  -14 -20 -16 -10  -9 -11 -17 -30

 6  -28 -28 -27 -20 -16 -16 -22 -26  -21 -22 -20 -18 -15 -20 -22 -20  -21 -22 -18 -15 -14 -13 -10 -10
 7  -14 -16 -13 -12 -13 -17 -21 -21  -18 -14 -11 -13 -11 -18 -17 -18  -22 -21 -20 -19 -19 -19 -21 -17
 8  -15 -15 -16 -13 -13 -15 -19 -17  -17 -23 -19 -19 -20 -18 -18 -23  -29 -25 -22 -18 -19 -21 -24 -28
 9  -27 -24 -22 -21 -20 -19 -20 -19  -17 -15 -12 -16 -17 -18 -25 -25  -24 -22 -16 -13 -14 -14 -16 -16
10  -19 -19 -18 -16 -17 -18 -15 -10   -9 -10 -10 -11 -12 -16 -15 -15  -21 -25 -22 -23 -22 -17 -14 -14

11  -15 -12  -9  -7 -11 -15 -22 -20  -17 -11  -6  -4  -7 -12 -15 -14  -13 -14 -13 -14 -17 -17 -13 -11
12   -9  -8  -6  -7  -8 -10 -10  -7   -3  -1  -1  -3  -5  -6  -8 -12  -13  -8  -4  -4  -6  -4  -4  -5
13   -5  -4  -1   0  -2  -3  -4  -4   -4  -3  -4  -5  -5  -1  -1  -5   -7  -2  -2   0   0   4   4   3
14   -6  -5  -1  -1  -3  -6  -6  -6   -2   1   1  -1   1  -1  -2  -3   -3   0   4   3   5   7   6   5
15    6   6   6   6   6   6   3   4    4   4   3   4   5   1   2  -1   -3  -5  -5  -3  -2  -2  -2   0

16    3   6   4   3   5   5   5   5    4   3   3   2   4   4   5   3    1   2   6   5   6   5   4   4
17    4   3   1   0  -2  -2  -4  -4   -2   2   3   4   3   3  -4  -9   -8  -2   3   6   9  10  13  21
18   23  26  29  33  31  15   6  -2  -10 -16 -12  -9  -7 -15 -26 -27  -23 -20 -20 -19 -21 -15 -13 -14
19  -17 -21 -28 -31 -26 -23 -21 -23  -29 -24 -19 -16 -14 -17 -16 -17  -19 -16 -16 -16 -14 -12  -9 -11
20  -11 -13 -14 -12 -12 -13 -16 -13  -14 -16 -14 -14 -16 -16 -20 -18  -15 -15 -15 -12  -9  -6  -5  -7

21  -13 -12  -9  -7  -9  -9 -14 -17  -14 -14 -10 -11 -13 -13 -12 -10   -2  -6  -8 -16 -18 -13 -13 -10
22  -10 -22 -27 -23 -13 -12 -13 -16  -18 -17 -16 -15 -18 -18 -15 -17  -17 -14  -9  -8 -10 -10  -8  -7
23  -10 -13 -15 -14 -11 -11 -13 -11   -8  -8  -4  -6  -8  -9 -10 -11  -10  -8  -7  -8  -7  -7  -5  -4
24   -8 -12 -14 -14 -13 -12 -13 -16  -14 -11  -9  -8  -8  -7  -7  -6   -6  -9  -9  -8  -9  -6  -2  -1
25    2   2  -2  -6 -10 -12 -14 -14  -10  -7  -4  -4  -2  -2  -4  -4   -4  -3  -1   2   3   1   2   3

26    4   4   2   3   1  -2  -5  -6   -2  -2   3  10  11   4  -7 -11   -9 -17 -25 -25 -21  -7  -1   0
27  -11 -21 -16 -16 -21 -19 -26 -33  -28 -25 -21 -16 -14 -15 -14 -16  -15 -14 -14 -14 -13 -13 -13 -11
28   -9  -8  -5  -7 -10 -13 -16 -17  -17 -16 -12 -12 -10  -9  -9 -13  -15 -12  -9  -7  -8 -11  -9  -6
29   -7  -9  -9 -10 -14 -16 -17 -17  -16 -13 -11  -8  -3  -6  -9  -9  -10  -8  -9  -7  -6  -4  -2  -1
30   -1  -2  -1   1   2   1   0  -2   -4   0   8  11  11   2  -3  -7   -5  -8  -7  -5  -5  -4  -4   1

31    3   2   3  -1  -1  -4  -8  -4    0 -19 -12  -7 -11  -8  -9 -12  -28 -30 -30 -20 -23 -18 -19 -16