:Data_list: 19980707_G9part_5m.txt
:Created: 1998 Jul 08 0011 UT
# Prepared by the U.S. Dept. of Commerce, NOAA, Space Environment Center.
# Please send comments and suggestions to sec@sec.noaa.gov 
# 
# Label: P > 1 = Particles at >1 Mev
# Label: P > 5 = Particles at >5 Mev
# Label: P >10 = Particles at >10 Mev
# Label: P >30 = Particles at >30 Mev
# Label: P >50 = Particles at >50 Mev
# Label: P>100 = Particles at >100 Mev
# Label: E>0.6 = Electrons at >0.6 Mev
# Label: E>2.0 = Electrons at >2.0 Mev
# Label: E>4.0 = Electrons at >4.0 Mev
# Units: Particles = Protons/cm2-s-sr
# Units: Electrons = Electrons/cm2-s-sr
# Source: GOES-9
# Location: W135
# Missing data: -1.00e+05
#
#                      5-minute  GOES-9 Solar Particle and Electron Flux
#
#                 Modified Seconds
# UT Date   Time   Julian  of the
# YR MO DA  HHMM    Day     Day     P > 1     P > 5     P >10     P >30     P >50     P>100     E>0.6     E>2.0     E>4.0
#-------------------------------------------------------------------------------------------------------------------------
1998 07 07  0000   51001      0   1.22e+00  2.78e-01  2.55e-01  9.46e-02  8.35e-02  2.38e-02  1.76e+05  1.14e+02 -1.00e+05
1998 07 07  0005   51001    300   1.35e+00  1.51e-01  1.28e-01  5.59e-02  4.48e-02  2.29e-02  1.79e+05  1.13e+02 -1.00e+05
1998 07 07  0010   51001    600   1.42e+00  2.72e-01  2.49e-01  1.20e-01  1.09e-01  4.36e-02  1.75e+05  1.16e+02 -1.00e+05
1998 07 07  0015   51001    900   2.12e+00  2.12e-01  9.56e-02  5.59e-02  4.48e-02  2.29e-02  1.78e+05  1.08e+02 -1.00e+05
1998 07 07  0020   51001   1200   1.27e+00  1.73e-01  1.50e-01  1.13e-01  9.80e-02  7.48e-02  1.73e+05  1.26e+02 -1.00e+05
1998 07 07  0025   51001   1500   1.60e+00  2.14e-01  1.13e-01  7.37e-02  6.26e-02  4.07e-02  1.68e+05  1.22e+02 -1.00e+05
1998 07 07  0030   51001   1800   6.27e-01  1.62e-01  1.39e-01  7.07e-02  5.96e-02  2.76e-02  1.70e+05  1.06e+02 -1.00e+05
1998 07 07  0035   51001   2100   1.44e+00  1.32e-01  9.53e-02  5.59e-02  4.48e-02  2.29e-02  1.66e+05  1.10e+02 -1.00e+05
1998 07 07  0040   51001   2400   7.85e-01  2.39e-01  2.16e-01  1.77e-01  1.06e-01  3.62e-02  1.63e+05  9.97e+01 -1.00e+05
1998 07 07  0045   51001   2700   1.18e+00  2.11e-01  1.56e-01  1.13e-01  8.24e-02  5.48e-02  1.58e+05  1.01e+02 -1.00e+05
1998 07 07  0050   51001   3000   1.35e+00  5.85e-01  3.52e-01  1.51e-01  1.02e-01  6.93e-02  1.60e+05  8.96e+01 -1.00e+05
1998 07 07  0055   51001   3300   8.58e-01  2.51e-01  2.18e-01  1.00e-01  8.90e-02  4.63e-02  1.55e+05  9.90e+01 -1.00e+05
1998 07 07  0100   51001   3600   8.69e-01  1.32e-01  9.53e-02  5.59e-02  4.48e-02  2.29e-02  1.59e+05  8.58e+01 -1.00e+05
1998 07 07  0105   51001   3900   6.46e-01  1.58e-01  1.35e-01  9.78e-02  8.68e-02  6.48e-02  1.58e+05  8.58e+01 -1.00e+05
1998 07 07  0110   51001   4200   6.82e-01  1.29e-01  1.06e-01  6.95e-02  5.85e-02  3.65e-02  1.56e+05  8.98e+01 -1.00e+05
1998 07 07  0115   51001   4500   2.10e-01  1.42e-01  1.19e-01  8.26e-02  7.15e-02  4.95e-02  1.58e+05  8.35e+01 -1.00e+05
1998 07 07  0120   51001   4800   9.74e-01  3.82e-01  3.59e-01  1.18e-01  6.10e-02  2.52e-02  1.58e+05  9.04e+01 -1.00e+05
1998 07 07  0125   51001   5100   1.53e+00  4.05e-01  2.24e-01  1.84e-01  1.58e-01  5.77e-02  1.58e+05  8.84e+01 -1.00e+05
1998 07 07  0130   51001   5400   4.97e-01  1.51e-01  1.28e-01  5.59e-02  4.48e-02  2.29e-02  1.59e+05  8.31e+01 -1.00e+05
1998 07 07  0135   51001   5700   1.43e+00  5.37e-01  1.68e-01  6.31e-02  5.20e-02  2.52e-02  1.49e+05  8.82e+01 -1.00e+05
1998 07 07  0140   51001   6000   1.31e+00  2.52e-01  1.24e-01  6.41e-02  5.30e-02  3.10e-02  1.59e+05  9.05e+01 -1.00e+05
1998 07 07  0145   51001   6300   1.97e+00  2.49e-01  9.68e-02  5.73e-02  4.62e-02  2.33e-02  1.47e+05  9.14e+01 -1.00e+05
1998 07 07  0150   51001   6600   7.29e-01  2.03e-01  1.80e-01  1.42e-01  9.19e-02  3.44e-02  1.45e+05  8.88e+01 -1.00e+05
1998 07 07  0155   51001   6900   1.39e+00  2.96e-01  2.12e-01  1.64e-01  1.53e-01  5.77e-02  1.42e+05  9.37e+01 -1.00e+05
1998 07 07  0200   51001   7200   1.00e+00  2.72e-01  2.49e-01  1.04e-01  9.31e-02  6.25e-02  1.43e+05  9.55e+01 -1.00e+05
1998 07 07  0205   51001   7500   1.04e+00  1.47e-01  1.25e-01  8.76e-02  7.65e-02  2.37e-02  1.47e+05  9.94e+01 -1.00e+05
1998 07 07  0210   51001   7800   2.09e+00  2.41e-01  1.26e-01  8.60e-02  7.49e-02  5.29e-02  1.47e+05  1.04e+02 -1.00e+05
1998 07 07  0215   51001   8100   1.32e+00  2.17e-01  1.16e-01  7.59e-02  4.93e-02  2.29e-02  1.49e+05  1.07e+02 -1.00e+05
1998 07 07  0220   51001   8400   1.17e+00  1.16e-01  9.28e-02  5.59e-02  4.48e-02  2.29e-02  1.56e+05  9.50e+01 -1.00e+05
1998 07 07  0225   51001   8700   8.78e-01  1.77e-01  1.54e-01  1.17e-01  1.01e-01  4.05e-02  1.51e+05  1.02e+02 -1.00e+05
1998 07 07  0230   51001   9000   9.60e-01  1.16e-01  9.28e-02  5.59e-02  4.48e-02  2.29e-02  1.53e+05  1.09e+02 -1.00e+05
1998 07 07  0235   51001   9300   1.75e+00  3.61e-01  1.45e-01  1.06e-01  8.78e-02  6.39e-02  1.52e+05  1.01e+02 -1.00e+05
1998 07 07  0240   51001   9600   1.91e+00  2.83e-01  1.30e-01  8.99e-02  5.25e-02  2.29e-02  1.48e+05  1.03e+02 -1.00e+05
1998 07 07  0245   51001   9900   2.48e+00  2.48e-01  9.54e-02  5.59e-02  4.48e-02  2.29e-02  1.51e+05  9.50e+01 -1.00e+05
1998 07 07  0250   51001  10200   1.87e+00  4.04e-01  2.78e-01  1.26e-01  1.15e-01  5.09e-02  1.46e+05  9.47e+01 -1.00e+05
1998 07 07  0255   51001  10500   9.60e-01  1.16e-01  9.28e-02  5.59e-02  4.48e-02  2.29e-02  1.45e+05  1.01e+02 -1.00e+05
1998 07 07  0300   51001  10800   1.67e+00  2.44e-01  1.43e-01  1.01e-01  5.13e-02  2.29e-02  1.40e+05  8.47e+01 -1.00e+05
1998 07 07  0305   51001  11100   4.95e-01  1.50e-01  1.27e-01  8.98e-02  7.87e-02  5.41e-02  1.41e+05  8.55e+01 -1.00e+05
1998 07 07  0310   51001  11400   8.24e-01  2.75e-01  2.52e-01  1.01e-01  9.00e-02  5.04e-02  1.38e+05  8.35e+01 -1.00e+05
1998 07 07  0315   51001  11700   8.10e-01  1.66e-01  1.43e-01  1.06e-01  9.50e-02  3.90e-02  1.24e+05  9.02e+01 -1.00e+05
1998 07 07  0320   51001  12000   1.35e+00  1.93e-01  1.34e-01  5.59e-02  4.48e-02  2.29e-02  1.34e+05  9.04e+01 -1.00e+05
1998 07 07  0325   51001  12300   1.11e+00  2.91e-01  1.41e-01  1.01e-01  8.99e-02  6.80e-02  1.34e+05  7.90e+01 -1.00e+05
1998 07 07  0330   51001  12600   7.13e-01  1.60e-01  1.37e-01  9.81e-02  5.13e-02  2.29e-02  1.23e+05  8.15e+01 -1.00e+05
1998 07 07  0335   51001  12900   7.33e-01  1.44e-01  1.21e-01  8.41e-02  7.30e-02  3.19e-02  1.30e+05  7.79e+01 -1.00e+05
1998 07 07  0340   51001  13200   9.02e-01  3.51e-01  3.14e-01  9.72e-02  5.13e-02  2.29e-02  1.26e+05  7.66e+01 -1.00e+05
1998 07 07  0345   51001  13500   2.48e+00  7.71e-01  4.54e-01  9.99e-02  5.33e-02  2.48e-02  1.29e+05  7.00e+01 -1.00e+05
1998 07 07  0350   51001  13800   1.14e+00  1.68e-01  1.45e-01  1.08e-01  7.55e-02  4.74e-02  1.24e+05  7.83e+01 -1.00e+05
1998 07 07  0355   51001  14100   1.06e+00  4.23e-01  2.88e-01  9.74e-02  7.08e-02  2.98e-02  1.24e+05  7.38e+01 -1.00e+05
1998 07 07  0400   51001  14400   5.30e-01  1.84e-01  1.61e-01  8.54e-02  7.43e-02  5.23e-02  1.23e+05  7.77e+01 -1.00e+05
1998 07 07  0405   51001  14700   1.20e+00  2.88e-01  2.65e-01  1.88e-01  1.77e-01  1.03e-01  1.29e+05  6.77e+01 -1.00e+05
1998 07 07  0410   51001  15000   1.97e+00  3.86e-01  1.47e-01  1.08e-01  9.68e-02  7.48e-02  1.23e+05  7.01e+01 -1.00e+05
1998 07 07  0415   51001  15300   8.01e-01  3.22e-01  2.99e-01  2.59e-01  1.41e-01  2.75e-02  1.24e+05  6.16e+01 -1.00e+05
1998 07 07  0420   51001  15600   1.32e+00  2.17e-01  1.16e-01  7.59e-02  4.93e-02  2.29e-02  1.20e+05  6.88e+01 -1.00e+05
1998 07 07  0425   51001  15900   1.84e+00  2.72e-01  1.20e-01  8.05e-02  6.94e-02  4.74e-02  1.23e+05  6.49e+01 -1.00e+05
1998 07 07  0430   51001  16200   8.45e-01  2.48e-01  1.18e-01  5.59e-02  4.48e-02  2.29e-02  1.23e+05  7.15e+01 -1.00e+05
1998 07 07  0435   51001  16500   1.93e-01  1.47e-01  1.25e-01  8.76e-02  7.65e-02  2.37e-02  1.22e+05  7.32e+01 -1.00e+05
1998 07 07  0440   51001  16800   4.12e-01  1.62e-01  1.39e-01  1.02e-01  9.13e-02  6.93e-02  1.27e+05  6.46e+01 -1.00e+05
1998 07 07  0445   51001  17100   7.57e-01  4.30e-01  1.38e-01  7.59e-02  4.93e-02  2.29e-02  1.26e+05  6.53e+01 -1.00e+05
1998 07 07  0450   51001  17400   3.90e-01  2.29e-01  2.06e-01  1.25e-01  1.14e-01  4.68e-02  1.23e+05  7.23e+01 -1.00e+05
1998 07 07  0455   51001  17700   9.31e-01  1.59e-01  1.27e-01  8.87e-02  7.76e-02  5.56e-02  1.28e+05  6.05e+01 -1.00e+05
1998 07 07  0500   51001  18000   1.02e+00  2.46e-01  2.23e-01  1.86e-01  1.75e-01  8.57e-02  1.28e+05  5.91e+01 -1.00e+05
1998 07 07  0505   51001  18300   1.56e+00  2.76e-01  1.77e-01  1.36e-01  9.23e-02  6.39e-02  1.23e+05  6.83e+01 -1.00e+05
1998 07 07  0510   51001  18600   3.21e-01  1.44e-01  1.21e-01  8.43e-02  7.32e-02  5.13e-02  1.21e+05  6.65e+01 -1.00e+05
1998 07 07  0515   51001  18900   1.48e+00  5.08e-01  2.78e-01  7.50e-02  6.39e-02  4.20e-02  1.22e+05  5.95e+01 -1.00e+05
1998 07 07  0520   51001  19200   1.23e+00  2.31e-01  1.31e-01  9.14e-02  8.03e-02  5.84e-02  1.23e+05  6.28e+01 -1.00e+05
1998 07 07  0525   51001  19500   1.24e+00  1.58e-01  9.93e-02  5.59e-02  4.48e-02  2.29e-02  1.19e+05  8.09e+01 -1.00e+05
1998 07 07  0530   51001  19800   8.24e-01  1.16e-01  9.28e-02  5.59e-02  4.48e-02  2.29e-02  1.19e+05  7.45e+01 -1.00e+05
1998 07 07  0535   51001  20100   4.18e-01  2.41e-01  2.18e-01  1.17e-01  9.52e-02  7.00e-02  1.20e+05  6.53e+01 -1.00e+05
1998 07 07  0540   51001  20400   3.35e-01  1.71e-01  1.48e-01  1.11e-01  9.99e-02  3.63e-02  1.16e+05  7.13e+01 -1.00e+05
1998 07 07  0545   51001  20700   1.53e+00  3.29e-01  1.30e-01  8.99e-02  5.25e-02  2.29e-02  1.24e+05  5.33e+01 -1.00e+05
1998 07 07  0550   51001  21000   8.61e-01  1.90e-01  1.54e-01  5.59e-02  4.48e-02  2.29e-02  1.20e+05  6.37e+01 -1.00e+05
1998 07 07  0555   51001  21300   1.06e+00  1.65e-01  1.42e-01  1.04e-01  5.57e-02  2.29e-02  1.22e+05  6.75e+01 -1.00e+05
1998 07 07  0600   51001  21600   2.12e+00  3.91e-01  1.77e-01  1.38e-01  1.27e-01  4.91e-02  1.22e+05  6.46e+01 -1.00e+05
1998 07 07  0605   51001  21900   7.40e-01  2.08e-01  1.85e-01  1.47e-01  1.03e-01  7.48e-02  1.26e+05  6.04e+01 -1.00e+05
1998 07 07  0610   51001  22200   2.48e+00  4.37e-01  9.47e-02  5.59e-02  4.48e-02  2.29e-02  1.23e+05  7.19e+01 -1.00e+05
1998 07 07  0615   51001  22500   9.08e-01  2.46e-01  2.23e-01  1.85e-01  1.48e-01  5.34e-02  1.21e+05  7.72e+01 -1.00e+05
1998 07 07  0620   51001  22800   8.22e-01  1.73e-01  1.50e-01  7.78e-02  6.67e-02  3.12e-02  1.22e+05  7.61e+01 -1.00e+05
1998 07 07  0625   51001  23100   8.26e-01  1.51e-01  1.28e-01  5.59e-02  4.48e-02  2.29e-02  1.27e+05  6.41e+01 -1.00e+05
1998 07 07  0630   51001  23400   5.59e-01  1.44e-01  1.21e-01  8.41e-02  7.30e-02  3.19e-02  1.22e+05  7.29e+01 -1.00e+05
1998 07 07  0635   51001  23700   1.46e+00  2.88e-01  1.18e-01  5.59e-02  4.48e-02  2.29e-02  1.25e+05  6.79e+01 -1.00e+05
1998 07 07  0640   51001  24000   8.64e-01  1.91e-01  1.34e-01  9.14e-02  8.03e-02  5.84e-02  1.25e+05  6.91e+01 -1.00e+05
1998 07 07  0645   51001  24300   1.49e+00  1.96e-01  9.56e-02  5.59e-02  4.48e-02  2.29e-02  1.23e+05  7.22e+01 -1.00e+05
1998 07 07  0650   51001  24600   8.46e-01  3.04e-01  2.81e-01  1.81e-01  1.63e-01  8.66e-02  1.25e+05  7.02e+01 -1.00e+05
1998 07 07  0655   51001  24900   4.93e-01  2.15e-01  1.15e-01  7.50e-02  6.39e-02  4.20e-02  1.24e+05  7.10e+01 -1.00e+05
1998 07 07  0700   51001  25200   6.41e-01  1.80e-01  1.47e-01  1.08e-01  9.68e-02  7.48e-02  1.25e+05  6.64e+01 -1.00e+05
1998 07 07  0705   51001  25500   8.15e-01  1.40e-01  1.17e-01  6.41e-02  5.30e-02  3.10e-02  1.19e+05  7.49e+01 -1.00e+05
1998 07 07  0710   51001  25800   1.17e+00  2.66e-01  2.43e-01  2.06e-01  1.83e-01  9.12e-02  1.21e+05  6.75e+01 -1.00e+05
1998 07 07  0715   51001  26100   1.37e+00  2.60e-01  1.94e-01  1.49e-01  1.38e-01  5.28e-02  1.22e+05  7.61e+01 -1.00e+05
1998 07 07  0720   51001  26400   7.66e-01  2.87e-01  2.64e-01  1.27e-01  1.16e-01  5.49e-02  1.28e+05  6.11e+01 -1.00e+05
1998 07 07  0725   51001  26700   2.09e+00  2.65e-01  1.13e-01  7.37e-02  6.26e-02  4.07e-02  1.25e+05  6.79e+01 -1.00e+05
1998 07 07  0730   51001  27000   7.78e-01  1.85e-01  1.62e-01  9.14e-02  8.03e-02  5.84e-02  1.22e+05  7.27e+01 -1.00e+05
1998 07 07  0735   51001  27300   1.71e+00  3.82e-01  1.97e-01  8.05e-02  6.94e-02  4.74e-02  1.25e+05  6.90e+01 -1.00e+05
1998 07 07  0740   51001  27600   7.36e-01  1.90e-01  1.67e-01  1.30e-01  1.19e-01  6.70e-02  1.26e+05  6.75e+01 -1.00e+05
1998 07 07  0745   51001  27900   9.34e-01  1.32e-01  9.53e-02  5.59e-02  4.48e-02  2.29e-02  1.21e+05  7.77e+01 -1.00e+05
1998 07 07  0750   51001  28200   1.40e+00  2.33e-01  1.16e-01  7.59e-02  4.93e-02  2.29e-02  1.24e+05  7.06e+01 -1.00e+05
1998 07 07  0755   51001  28500   4.18e-01  2.48e-01  9.54e-02  5.59e-02  4.48e-02  2.29e-02  1.24e+05  7.01e+01 -1.00e+05
1998 07 07  0800   51001  28800   9.61e-01  1.80e-01  1.57e-01  1.20e-01  1.09e-01  4.36e-02  1.23e+05  7.40e+01 -1.00e+05
1998 07 07  0805   51001  29100   8.73e-01  1.59e-01  1.12e-01  7.07e-02  5.96e-02  2.76e-02  1.23e+05  7.30e+01 -1.00e+05
1998 07 07  0810   51001  29400   4.77e-01  2.23e-01  2.00e-01  1.63e-01  1.52e-01  8.80e-02  1.28e+05  6.24e+01 -1.00e+05
1998 07 07  0815   51001  29700   1.22e+00  3.06e-01  1.98e-01  1.45e-01  1.34e-01  9.03e-02  1.29e+05  5.92e+01 -1.00e+05
1998 07 07  0820   51001  30000   5.85e-01  1.17e-01  9.42e-02  5.73e-02  4.62e-02  2.33e-02  1.25e+05  6.90e+01 -1.00e+05
1998 07 07  0825   51001  30300   6.04e-01  1.84e-01  1.61e-01  1.23e-01  7.61e-02  4.77e-02  1.22e+05  7.12e+01 -1.00e+05
1998 07 07  0830   51001  30600   9.95e-01  2.06e-01  1.83e-01  1.32e-01  8.13e-02  5.29e-02  1.28e+05  6.67e+01 -1.00e+05
1998 07 07  0835   51001  30900   5.18e-01  1.71e-01  1.42e-01  7.21e-02  6.10e-02  3.30e-02  1.30e+05  8.47e+01 -1.00e+05
1998 07 07  0840   51001  31200   1.58e+00  4.06e-01  2.43e-01  1.38e-01  1.27e-01  6.23e-02  1.36e+05  7.82e+01 -1.00e+05
1998 07 07  0845   51001  31500   7.91e-01  1.16e-01  9.28e-02  5.59e-02  4.48e-02  2.29e-02  1.38e+05  7.78e+01 -1.00e+05
1998 07 07  0850   51001  31800   9.34e-01  2.01e-01  1.78e-01  1.40e-01  1.02e-01  7.24e-02  1.37e+05  8.37e+01 -1.00e+05
1998 07 07  0855   51001  32100   6.91e-01  1.60e-01  1.37e-01  9.81e-02  5.13e-02  2.29e-02  1.39e+05  7.79e+01 -1.00e+05
1998 07 07  0900   51001  32400   8.20e-01  1.97e-01  1.38e-01  7.59e-02  4.93e-02  2.29e-02  1.36e+05  8.23e+01 -1.00e+05
1998 07 07  0905   51001  32700   9.43e-01  1.78e-01  1.41e-01  1.00e-01  5.13e-02  2.29e-02  1.36e+05  8.16e+01 -1.00e+05
1998 07 07  0910   51001  33000   7.32e-01  1.42e-01  1.19e-01  8.24e-02  6.74e-02  2.98e-02  1.37e+05  7.75e+01 -1.00e+05
1998 07 07  0915   51001  33300   1.24e+00  2.45e-01  1.89e-01  1.08e-01  9.68e-02  7.48e-02  1.32e+05  7.44e+01 -1.00e+05
1998 07 07  0920   51001  33600   8.26e-01  2.83e-01  2.60e-01  2.21e-01  1.40e-01  4.48e-02  1.32e+05  7.64e+01 -1.00e+05
1998 07 07  0925   51001  33900   6.38e-01  1.80e-01  1.57e-01  1.20e-01  9.29e-02  2.38e-02  1.37e+05  6.73e+01 -1.00e+05
1998 07 07  0930   51001  34200   3.00e-01  1.23e-01  1.00e-01  6.33e-02  4.76e-02  2.33e-02  1.30e+05  7.71e+01 -1.00e+05
1998 07 07  0935   51001  34500   1.03e+00  1.32e-01  9.53e-02  5.59e-02  4.48e-02  2.29e-02  1.38e+05  6.42e+01 -1.00e+05
1998 07 07  0940   51001  34800   8.29e-01  1.34e-01  9.72e-02  5.79e-02  4.68e-02  2.48e-02  1.38e+05  6.32e+01 -1.00e+05
1998 07 07  0945   51001  35100   7.90e-01  2.11e-01  1.88e-01  1.51e-01  1.40e-01  5.34e-02  1.34e+05  6.97e+01 -1.00e+05
1998 07 07  0950   51001  35400   6.04e-01  1.16e-01  9.28e-02  5.59e-02  4.48e-02  2.29e-02  1.35e+05  8.19e+01 -1.00e+05
1998 07 07  0955   51001  35700   7.01e-01  1.55e-01  1.32e-01  9.50e-02  8.01e-02  2.38e-02  1.43e+05  6.35e+01 -1.00e+05
1998 07 07  1000   51001  36000   5.25e-01  2.46e-01  1.45e-01  1.04e-01  5.57e-02  2.29e-02  1.35e+05  8.60e+01 -1.00e+05
1998 07 07  1005   51001  36300   1.11e+00  9.14e-01  3.32e-01  7.74e-02  6.63e-02  2.98e-02  1.42e+05  6.86e+01 -1.00e+05
1998 07 07  1010   51001  36600   2.12e-01  1.45e-01  1.22e-01  8.54e-02  7.43e-02  5.23e-02  1.41e+05  7.17e+01 -1.00e+05
1998 07 07  1015   51001  36900   6.71e-01  1.44e-01  1.21e-01  8.41e-02  7.30e-02  3.19e-02  1.44e+05  6.46e+01 -1.00e+05
1998 07 07  1020   51001  37200   7.12e-01  1.59e-01  1.36e-01  9.72e-02  5.40e-02  2.56e-02  1.43e+05  6.79e+01 -1.00e+05
1998 07 07  1025   51001  37500   4.47e-01  1.80e-01  1.57e-01  1.20e-01  9.09e-02  6.39e-02  1.46e+05  6.11e+01 -1.00e+05
1998 07 07  1030   51001  37800   1.61e-01  1.16e-01  9.28e-02  5.59e-02  4.48e-02  2.29e-02  1.43e+05  8.03e+01 -1.00e+05
1998 07 07  1035   51001  38100   3.86e-01  1.36e-01  1.13e-01  7.59e-02  4.93e-02  2.29e-02  1.44e+05  8.89e+01 -1.00e+05
1998 07 07  1040   51001  38400   1.71e+00  5.99e-01  3.61e-01  7.73e-02  5.07e-02  2.33e-02  1.48e+05  7.42e+01 -1.00e+05
1998 07 07  1045   51001  38700   6.24e-01  1.36e-01  1.13e-01  7.59e-02  4.93e-02  2.29e-02  1.43e+05  8.78e+01 -1.00e+05
1998 07 07  1050   51001  39000   3.47e-01  2.43e-01  1.43e-01  1.01e-01  5.85e-02  3.01e-02  1.45e+05  8.15e+01 -1.00e+05
1998 07 07  1055   51001  39300   2.43e-01  1.97e-01  1.75e-01  1.38e-01  1.27e-01  4.91e-02  1.46e+05  7.90e+01 -1.00e+05
1998 07 07  1100   51001  39600   7.36e-01  1.90e-01  1.67e-01  1.30e-01  1.19e-01  6.70e-02  1.47e+05  7.74e+01 -1.00e+05
1998 07 07  1105   51001  39900   2.14e-01  1.68e-01  1.45e-01  6.84e-02  5.74e-02  3.54e-02  1.47e+05  8.26e+01 -1.00e+05
1998 07 07  1110   51001  40200   1.64e+00  8.64e-01  5.40e-01  2.37e-01  1.42e-01  4.48e-02  1.51e+05  8.07e+01 -1.00e+05
1998 07 07  1115   51001  40500   3.28e-01  1.51e-01  1.28e-01  5.59e-02  4.48e-02  2.29e-02  1.54e+05  7.53e+01 -1.00e+05
1998 07 07  1120   51001  40800   8.25e-01  2.62e-01  1.56e-01  1.04e-01  8.59e-02  6.19e-02  1.53e+05  8.05e+01 -1.00e+05
1998 07 07  1125   51001  41100   4.30e-01  2.33e-01  2.10e-01  1.20e-01  1.09e-01  7.49e-02  1.52e+05  8.12e+01 -1.00e+05
1998 07 07  1130   51001  41400   1.32e+00  2.48e-01  9.54e-02  5.59e-02  4.48e-02  2.29e-02  1.55e+05  7.06e+01 -1.00e+05
1998 07 07  1135   51001  41700   1.61e-01  1.16e-01  9.28e-02  5.59e-02  4.48e-02  2.29e-02  1.53e+05  6.55e+01 -1.00e+05
1998 07 07  1140   51001  42000   6.77e-01  1.45e-01  1.22e-01  8.50e-02  6.11e-02  3.54e-02  1.49e+05  8.21e+01 -1.00e+05
1998 07 07  1145   51001  42300   8.88e-01  2.77e-01  2.54e-01  1.11e-01  9.97e-02  5.72e-02  1.53e+05  7.44e+01 -1.00e+05
1998 07 07  1150   51001  42600   9.97e-01  8.28e-01  4.21e-01  9.71e-02  5.32e-02  2.33e-02  1.52e+05  7.70e+01 -1.00e+05
1998 07 07  1155   51001  42900   7.31e-01  1.16e-01  9.28e-02  5.59e-02  4.48e-02  2.29e-02  1.54e+05  7.85e+01 -1.00e+05
1998 07 07  1200   51001  43200   4.48e-01  1.67e-01  1.30e-01  5.59e-02  4.48e-02  2.29e-02  1.57e+05  7.34e+01 -1.00e+05
1998 07 07  1205   51001  43500   5.67e-01  2.64e-01  1.59e-01  1.18e-01  8.10e-02  3.39e-02  1.56e+05  7.47e+01 -1.00e+05
1998 07 07  1210   51001  43800   7.67e-01  1.57e-01  1.34e-01  9.75e-02  8.64e-02  3.62e-02  1.52e+05  8.38e+01 -1.00e+05
1998 07 07  1215   51001  44100   5.08e-01  1.95e-01  1.72e-01  1.35e-01  1.24e-01  4.82e-02  1.53e+05  7.98e+01 -1.00e+05
1998 07 07  1220   51001  44400   9.68e-01  2.48e-01  1.18e-01  5.59e-02  4.48e-02  2.29e-02  1.60e+05  7.35e+01 -1.00e+05
1998 07 07  1225   51001  44700   5.59e-01  1.44e-01  1.21e-01  8.41e-02  7.30e-02  3.19e-02  1.62e+05  7.84e+01 -1.00e+05
1998 07 07  1230   51001  45000   8.25e-01  3.24e-01  1.54e-01  9.09e-02  5.27e-02  2.29e-02  1.62e+05  8.47e+01 -1.00e+05
1998 07 07  1235   51001  45300   6.93e-01  1.58e-01  9.93e-02  5.59e-02  4.48e-02  2.29e-02  1.59e+05  8.71e+01 -1.00e+05
1998 07 07  1240   51001  45600   2.18e-01  1.51e-01  1.28e-01  8.99e-02  5.25e-02  2.29e-02  1.63e+05  8.76e+01 -1.00e+05
1998 07 07  1245   51001  45900   6.39e-01  1.77e-01  1.44e-01  1.05e-01  9.44e-02  7.24e-02  1.67e+05  8.71e+01 -1.00e+05
1998 07 07  1250   51001  46200   1.44e+00  2.12e-01  9.56e-02  5.59e-02  4.48e-02  2.29e-02  1.68e+05  8.77e+01 -1.00e+05
1998 07 07  1255   51001  46500   2.31e+00  3.42e-01  1.01e-01  6.19e-02  4.62e-02  2.29e-02  1.71e+05  9.53e+01 -1.00e+05
1998 07 07  1300   51001  46800   1.10e+00  1.58e-01  9.93e-02  5.59e-02  4.48e-02  2.29e-02  1.71e+05  9.44e+01 -1.00e+05
1998 07 07  1305   51001  47100   1.05e+00  1.81e-01  1.45e-01  1.04e-01  5.57e-02  2.29e-02  1.71e+05  8.25e+01 -1.00e+05
1998 07 07  1310   51001  47400   7.00e-01  2.27e-01  1.90e-01  5.59e-02  4.48e-02  2.29e-02  1.67e+05  9.11e+01 -1.00e+05
1998 07 07  1315   51001  47700   7.49e-01  1.34e-01  1.11e-01  5.59e-02  4.48e-02  2.29e-02  1.69e+05  9.16e+01 -1.00e+05
1998 07 07  1320   51001  48000   7.53e-01  3.56e-01  3.07e-01  2.64e-01  2.17e-01  1.10e-01  1.77e+05  9.22e+01 -1.00e+05
1998 07 07  1325   51001  48300   7.72e-01  1.73e-01  1.37e-01  9.68e-02  6.04e-02  3.10e-02  1.80e+05  9.65e+01 -1.00e+05
1998 07 07  1330   51001  48600   1.88e+00  3.56e-01  9.50e-02  5.59e-02  4.48e-02  2.29e-02  1.79e+05  1.02e+02 -1.00e+05
1998 07 07  1335   51001  48900   6.64e-01  1.85e-01  1.63e-01  1.26e-01  1.15e-01  5.02e-02  1.84e+05  9.93e+01 -1.00e+05
1998 07 07  1340   51001  49200   8.34e-01  1.83e-01  1.60e-01  1.23e-01  1.12e-01  9.00e-02  1.89e+05  9.56e+01 -1.00e+05
1998 07 07  1345   51001  49500   7.64e-01  1.57e-01  1.34e-01  9.67e-02  8.56e-02  2.38e-02  1.88e+05  9.89e+01 -1.00e+05
1998 07 07  1350   51001  49800   9.44e-01  1.55e-01  1.32e-01  9.51e-02  8.40e-02  6.21e-02  1.90e+05  1.08e+02 -1.00e+05
1998 07 07  1355   51001  50100   1.78e+00  4.65e-01  2.89e-01  2.45e-01  1.37e-01  4.36e-02  1.96e+05  9.93e+01 -1.00e+05
1998 07 07  1400   51001  50400   6.06e-01  3.61e-01  3.38e-01  1.98e-01  1.61e-01  5.77e-02  1.93e+05  1.06e+02 -1.00e+05
1998 07 07  1405   51001  50700   8.10e-01  1.37e-01  1.14e-01  7.67e-02  6.10e-02  2.76e-02  1.93e+05  1.18e+02 -1.00e+05
1998 07 07  1410   51001  51000   6.22e-01  1.34e-01  1.11e-01  5.59e-02  4.48e-02  2.29e-02  1.93e+05  1.27e+02 -1.00e+05
1998 07 07  1415   51001  51300   6.38e-01  1.59e-01  1.12e-01  7.07e-02  5.96e-02  2.76e-02  2.08e+05  1.10e+02 -1.00e+05
1998 07 07  1420   51001  51600   7.46e-01  1.93e-01  1.70e-01  1.33e-01  1.22e-01  1.00e-01  2.11e+05  1.22e+02 -1.00e+05
1998 07 07  1425   51001  51900   2.04e+00  2.22e-01  1.06e-01  6.62e-02  5.27e-02  3.01e-02  2.19e+05  1.32e+02 -1.00e+05
1998 07 07  1430   51001  52200   1.71e+00  2.04e-01  1.04e-01  6.41e-02  5.30e-02  3.10e-02  2.10e+05  1.58e+02 -1.00e+05
1998 07 07  1435   51001  52500   1.24e+00  1.40e-01  1.17e-01  8.05e-02  6.94e-02  4.74e-02  2.22e+05  1.57e+02 -1.00e+05
1998 07 07  1440   51001  52800   1.26e+00  1.84e-01  1.28e-01  7.65e-02  6.54e-02  4.35e-02  2.25e+05  1.61e+02 -1.00e+05
1998 07 07  1445   51001  53100   1.88e+00  3.89e-01  2.61e-01  8.41e-02  7.30e-02  3.19e-02  2.29e+05  1.56e+02 -1.00e+05
1998 07 07  1450   51001  53400   7.70e-01  2.17e-01  1.94e-01  8.97e-02  6.72e-02  4.20e-02  2.35e+05  1.68e+02 -1.00e+05
1998 07 07  1455   51001  53700   1.95e+00  3.12e-01  9.52e-02  5.59e-02  4.48e-02  2.29e-02  2.36e+05  1.78e+02 -1.00e+05
1998 07 07  1500   51001  54000   1.17e+00  1.74e-01  1.51e-01  1.14e-01  1.03e-01  5.37e-02  2.34e+05  1.84e+02 -1.00e+05
1998 07 07  1505   51001  54300   2.84e+00  5.11e-01  2.40e-01  8.38e-02  7.28e-02  5.08e-02  2.38e+05  1.69e+02 -1.00e+05
1998 07 07  1510   51001  54600   9.18e-01  1.31e-01  1.08e-01  7.07e-02  5.96e-02  2.76e-02  2.37e+05  1.74e+02 -1.00e+05
1998 07 07  1515   51001  54900   2.00e+00  2.81e-01  1.92e-01  1.51e-01  8.86e-02  3.19e-02  2.48e+05  1.81e+02 -1.00e+05
1998 07 07  1520   51001  55200   1.15e+00  1.29e-01  1.06e-01  6.95e-02  5.85e-02  3.65e-02  2.46e+05  1.94e+02 -1.00e+05
1998 07 07  1525   51001  55500   1.95e+00  2.18e-01  1.02e-01  6.19e-02  4.62e-02  2.29e-02  2.47e+05  1.94e+02 -1.00e+05
1998 07 07  1530   51001  55800   1.33e+00  2.42e-01  1.81e-01  1.37e-01  1.26e-01  4.53e-02  2.58e+05  1.89e+02 -1.00e+05
1998 07 07  1535   51001  56100   1.33e+00  1.83e-01  1.48e-01  6.84e-02  5.74e-02  3.54e-02  2.60e+05  1.98e+02 -1.00e+05
1998 07 07  1540   51001  56400   1.10e+00  1.57e-01  1.34e-01  9.75e-02  8.64e-02  3.62e-02  2.56e+05  2.13e+02 -1.00e+05
1998 07 07  1545   51001  56700   1.83e+00  2.83e-01  1.83e-01  1.42e-01  9.23e-02  6.39e-02  2.59e+05  2.04e+02 -1.00e+05
1998 07 07  1550   51001  57000   1.40e+00  2.59e-01  2.36e-01  1.97e-01  1.42e-01  6.92e-02  2.57e+05  2.12e+02 -1.00e+05
1998 07 07  1555   51001  57300   3.07e+00  5.52e-01  3.72e-01  1.00e-01  5.13e-02  2.29e-02  2.55e+05  2.16e+02 -1.00e+05
1998 07 07  1600   51001  57600   9.11e-01  1.22e-01  9.90e-02  6.19e-02  4.62e-02  2.29e-02  2.61e+05  1.96e+02 -1.00e+05
1998 07 07  1605   51001  57900   9.23e-01  1.34e-01  1.11e-01  5.59e-02  4.48e-02  2.29e-02  2.59e+05  2.02e+02 -1.00e+05
1998 07 07  1610   51001  58200   1.63e+00  2.94e-01  2.71e-01  9.52e-02  5.93e-02  3.01e-02  2.64e+05  1.88e+02 -1.00e+05
1998 07 07  1615   51001  58500   9.88e-01  2.10e-01  1.88e-01  1.51e-01  1.40e-01  5.88e-02  2.58e+05  2.07e+02 -1.00e+05
1998 07 07  1620   51001  58800   1.12e+00  1.17e-01  9.42e-02  5.73e-02  4.62e-02  2.33e-02  2.59e+05  2.04e+02 -1.00e+05
1998 07 07  1625   51001  59100   1.09e+00  1.36e-01  1.13e-01  7.59e-02  4.93e-02  2.29e-02  2.58e+05  2.07e+02 -1.00e+05
1998 07 07  1630   51001  59400   1.26e+00  1.46e-01  1.23e-01  8.60e-02  7.49e-02  5.29e-02  2.60e+05  2.00e+02 -1.00e+05
1998 07 07  1635   51001  59700   1.25e+00  2.35e-01  1.77e-01  6.95e-02  5.85e-02  3.65e-02  2.60e+05  2.00e+02 -1.00e+05
1998 07 07  1640   51001  60000   7.91e-01  1.16e-01  9.28e-02  5.59e-02  4.48e-02  2.29e-02  2.58e+05  2.08e+02 -1.00e+05
1998 07 07  1645   51001  60300   1.40e+00  1.51e-01  1.28e-01  9.14e-02  8.03e-02  5.84e-02  2.54e+05  2.21e+02 -1.00e+05
1998 07 07  1650   51001  60600   9.84e-01  1.41e-01  1.18e-01  8.07e-02  6.96e-02  4.77e-02  2.66e+05  2.04e+02 -1.00e+05
1998 07 07  1655   51001  60900   1.22e+00  1.16e-01  9.28e-02  5.59e-02  4.48e-02  2.29e-02  2.63e+05  2.28e+02 -1.00e+05
1998 07 07  1700   51001  61200   1.27e+00  1.99e-01  1.76e-01  1.01e-01  8.95e-02  6.75e-02  2.58e+05  2.20e+02 -1.00e+05
1998 07 07  1705   51001  61500   3.12e+00  2.65e-01  9.54e-02  5.59e-02  4.48e-02  2.29e-02  2.61e+05  2.08e+02 -1.00e+05
1998 07 07  1710   51001  61800   1.17e+00  1.75e-01  1.41e-01  1.02e-01  9.13e-02  6.93e-02  2.57e+05  2.12e+02 -1.00e+05
1998 07 07  1715   51001  62100   1.78e+00  2.73e-01  1.23e-01  8.29e-02  5.67e-02  2.66e-02  2.64e+05  2.17e+02 -1.00e+05
1998 07 07  1720   51001  62400   1.01e+00  1.40e-01  1.17e-01  8.05e-02  6.94e-02  4.74e-02  2.66e+05  2.25e+02 -1.00e+05
1998 07 07  1725   51001  62700   2.73e+00  3.28e-01  2.09e-01  1.69e-01  1.58e-01  7.96e-02  2.69e+05  2.24e+02 -1.00e+05
1998 07 07  1730   51001  63000   1.45e+00  1.16e-01  9.28e-02  5.59e-02  4.48e-02  2.29e-02  2.63e+05  2.42e+02 -1.00e+05
1998 07 07  1735   51001  63300   1.10e+00  1.85e-01  1.62e-01  9.14e-02  8.03e-02  5.84e-02  2.69e+05  2.22e+02 -1.00e+05
1998 07 07  1740   51001  63600   1.87e+00  2.36e-01  1.37e-01  9.69e-02  8.58e-02  6.39e-02  2.68e+05  2.33e+02 -1.00e+05
1998 07 07  1745   51001  63900   1.58e+00  1.58e-01  9.93e-02  5.59e-02  4.48e-02  2.29e-02  2.72e+05  2.49e+02 -1.00e+05
1998 07 07  1750   51001  64200   1.66e+00  2.61e-01  1.85e-01  1.38e-01  1.27e-01  5.06e-02  2.75e+05  2.55e+02 -1.00e+05
1998 07 07  1755   51001  64500   1.73e+00  1.87e-01  1.52e-01  1.13e-01  8.09e-02  5.29e-02  2.76e+05  2.52e+02 -1.00e+05
1998 07 07  1800   51001  64800   1.56e+00  1.44e-01  1.21e-01  8.46e-02  7.35e-02  3.39e-02  2.91e+05  2.41e+02 -1.00e+05
1998 07 07  1805   51001  65100   1.18e+00  1.90e-01  1.67e-01  1.30e-01  1.19e-01  5.96e-02  2.88e+05  2.65e+02 -1.00e+05
1998 07 07  1810   51001  65400   3.34e+00  2.68e-01  1.16e-01  7.59e-02  4.93e-02  2.29e-02  2.89e+05  2.70e+02 -1.00e+05
1998 07 07  1815   51001  65700   2.04e+00  2.05e-01  1.48e-01  1.04e-01  7.04e-02  4.20e-02  2.89e+05  2.94e+02 -1.00e+05
1998 07 07  1820   51001  66000   1.83e+00  2.00e-01  1.77e-01  1.40e-01  1.28e-01  7.56e-02  2.96e+05  2.78e+02 -1.00e+05
1998 07 07  1825   51001  66300   1.34e+00  2.41e-01  2.18e-01  1.81e-01  1.70e-01  7.62e-02  2.98e+05  2.84e+02 -1.00e+05
1998 07 07  1830   51001  66600   1.83e+00  5.11e-01  3.28e-01  1.41e-01  1.04e-01  7.48e-02  2.98e+05  2.83e+02 -1.00e+05
1998 07 07  1835   51001  66900   1.93e+00  2.24e-01  2.01e-01  1.64e-01  1.53e-01  5.77e-02  2.93e+05  3.10e+02 -1.00e+05
1998 07 07  1840   51001  67200   1.53e+00  1.58e-01  1.35e-01  9.81e-02  8.70e-02  5.93e-02  3.00e+05  3.08e+02 -1.00e+05
1998 07 07  1845   51001  67500   1.71e+00  1.16e-01  9.28e-02  5.59e-02  4.48e-02  2.29e-02  3.06e+05  2.91e+02 -1.00e+05
1998 07 07  1850   51001  67800   3.33e+00  5.06e-01  2.35e-01  7.75e-02  6.64e-02  4.44e-02  3.01e+05  2.98e+02 -1.00e+05
1998 07 07  1855   51001  68100   1.75e+00  1.60e-01  1.37e-01  9.97e-02  8.86e-02  6.66e-02  2.98e+05  2.86e+02 -1.00e+05
1998 07 07  1900   51001  68400   2.09e+00  5.10e-01  4.87e-01  2.43e-01  1.57e-01  4.91e-02  2.96e+05  2.92e+02 -1.00e+05
1998 07 07  1905   51001  68700   1.76e+00  1.65e-01  1.42e-01  1.05e-01  9.41e-02  7.21e-02  2.95e+05  2.94e+02 -1.00e+05
1998 07 07  1910   51001  69000   2.95e+00  2.49e-01  1.33e-01  9.23e-02  5.41e-02  2.33e-02  2.92e+05  3.07e+02 -1.00e+05
1998 07 07  1915   51001  69300   1.85e+00  1.53e-01  1.18e-01  7.90e-02  6.79e-02  4.60e-02  2.97e+05  2.86e+02 -1.00e+05
1998 07 07  1920   51001  69600   1.60e+00  1.32e-01  1.09e-01  7.18e-02  5.90e-02  3.65e-02  2.94e+05  2.99e+02 -1.00e+05
1998 07 07  1925   51001  69900   1.58e+00  1.16e-01  9.28e-02  5.59e-02  4.48e-02  2.29e-02  2.97e+05  2.86e+02 -1.00e+05
1998 07 07  1930   51001  70200   1.52e+00  2.42e-01  2.19e-01  1.11e-01  9.98e-02  4.05e-02  2.95e+05  2.97e+02 -1.00e+05
1998 07 07  1935   51001  70500   1.94e+00  2.69e-01  2.46e-01  2.06e-01  1.18e-01  3.90e-02  2.97e+05  2.79e+02 -1.00e+05
1998 07 07  1940   51001  70800   1.77e+00  3.03e-01  2.80e-01  8.99e-02  5.25e-02  2.29e-02  2.92e+05  3.03e+02 -1.00e+05
1998 07 07  1945   51001  71100   1.43e+00  1.95e-01  1.72e-01  1.35e-01  1.24e-01  8.32e-02  2.96e+05  2.93e+02 -1.00e+05
1998 07 07  1950   51001  71400   3.37e+00  6.25e-01  3.55e-01  1.24e-01  1.03e-01  5.72e-02  2.93e+05  3.05e+02 -1.00e+05
1998 07 07  1955   51001  71700   1.80e+00  2.99e-01  2.77e-01  2.36e-01  1.19e-01  2.37e-02  2.97e+05  2.88e+02 -1.00e+05
1998 07 07  2000   51001  72000   3.62e+00  4.86e-01  1.81e-01  7.58e-02  6.47e-02  4.28e-02  2.93e+05  3.06e+02 -1.00e+05
1998 07 07  2005   51001  72300   1.90e+00  1.56e-01  1.33e-01  9.63e-02  8.52e-02  2.63e-02  2.94e+05  3.09e+02 -1.00e+05
1998 07 07  2010   51001  72600   2.52e+00  4.27e-01  2.36e-01  9.88e-02  8.77e-02  2.38e-02  2.97e+05  2.99e+02 -1.00e+05
1998 07 07  2015   51001  72900   2.98e+00  2.39e-01  1.41e-01  1.01e-01  9.00e-02  6.81e-02  2.99e+05  3.11e+02 -1.00e+05
1998 07 07  2020   51001  73200   1.64e+00  1.74e-01  1.51e-01  1.10e-01  9.87e-02  7.67e-02  2.97e+05  3.08e+02 -1.00e+05
1998 07 07  2025   51001  73500   3.00e+00  3.29e-01  2.30e-01  1.88e-01  1.07e-01  3.62e-02  3.01e+05  2.74e+02 -1.00e+05
1998 07 07  2030   51001  73800   1.81e+00  2.30e-01  2.07e-01  1.69e-01  1.43e-01  5.28e-02  2.95e+05  2.97e+02 -1.00e+05
1998 07 07  2035   51001  74100   3.73e+00  4.29e-01  2.40e-01  8.41e-02  7.30e-02  3.19e-02  2.99e+05  3.13e+02 -1.00e+05
1998 07 07  2040   51001  74400   3.63e+00  6.13e-01  3.76e-01  1.08e-01  5.95e-02  3.10e-02  3.01e+05  3.22e+02 -1.00e+05
1998 07 07  2045   51001  74700   2.53e+00  2.68e-01  1.68e-01  1.26e-01  7.59e-02  4.74e-02  2.97e+05  3.03e+02 -1.00e+05
1998 07 07  2050   51001  75000   1.54e+00  2.09e-01  1.86e-01  1.47e-01  9.77e-02  3.62e-02  3.04e+05  3.08e+02 -1.00e+05
1998 07 07  2055   51001  75300   1.68e+00  1.39e-01  1.14e-01  7.67e-02  6.10e-02  2.76e-02  3.00e+05  3.11e+02 -1.00e+05
1998 07 07  2100   51001  75600   2.22e+00  1.89e-01  1.66e-01  1.27e-01  7.76e-02  2.98e-02  3.03e+05  3.07e+02 -1.00e+05
1998 07 07  2105   51001  75900   1.51e+00  1.31e-01  1.08e-01  7.07e-02  5.96e-02  2.76e-02  2.88e+05  3.29e+02 -1.00e+05
1998 07 07  2110   51001  76200   1.84e+00  1.65e-01  1.42e-01  1.04e-01  5.57e-02  2.29e-02  2.91e+05  3.24e+02 -1.00e+05
1998 07 07  2115   51001  76500   9.90e-01  1.21e-01  9.80e-02  6.09e-02  4.60e-02  2.29e-02  2.95e+05  2.96e+02 -1.00e+05
1998 07 07  2120   51001  76800   1.94e+00  1.80e-01  1.57e-01  1.20e-01  1.09e-01  8.67e-02  2.96e+05  2.93e+02 -1.00e+05
1998 07 07  2125   51001  77100   1.95e+00  2.34e-01  2.11e-01  9.69e-02  8.58e-02  6.39e-02  2.94e+05  2.99e+02 -1.00e+05
1998 07 07  2130   51001  77400   1.42e+00  3.52e-01  3.29e-01  1.06e-01  5.61e-02  2.29e-02  2.95e+05  2.95e+02 -1.00e+05
1998 07 07  2135   51001  77700   1.41e+00  1.73e-01  1.50e-01  1.13e-01  1.02e-01  7.97e-02  2.89e+05  3.22e+02 -1.00e+05
1998 07 07  2140   51001  78000   3.05e+00  3.56e-01  1.81e-01  1.42e-01  1.31e-01  6.40e-02  2.90e+05  3.19e+02 -1.00e+05
1998 07 07  2145   51001  78300   1.86e+00  1.96e-01  1.60e-01  5.59e-02  4.48e-02  2.29e-02  2.90e+05  3.24e+02 -1.00e+05
1998 07 07  2150   51001  78600   1.43e+00  2.25e-01  2.02e-01  1.08e-01  9.68e-02  7.48e-02  3.06e+05  2.96e+02 -1.00e+05
1998 07 07  2155   51001  78900   1.80e+00  1.32e-01  9.53e-02  5.59e-02  4.48e-02  2.29e-02  3.04e+05  3.14e+02 -1.00e+05
1998 07 07  2200   51001  79200   1.58e+00  1.17e-01  9.42e-02  5.73e-02  4.62e-02  2.33e-02  3.05e+05  3.17e+02 -1.00e+05
1998 07 07  2205   51001  79500   2.15e+00  2.05e-01  1.47e-01  6.95e-02  5.85e-02  3.65e-02  2.98e+05  3.27e+02 -1.00e+05
1998 07 07  2210   51001  79800   1.73e+00  1.87e-01  1.64e-01  1.26e-01  9.95e-02  3.90e-02  3.04e+05  3.15e+02 -1.00e+05
1998 07 07  2215   51001  80100   2.15e+00  2.68e-01  1.56e-01  1.16e-01  1.05e-01  8.12e-02  3.01e+05  3.22e+02 -1.00e+05
1998 07 07  2220   51001  80400   1.90e+00  1.81e-01  1.45e-01  1.04e-01  5.57e-02  2.29e-02  3.04e+05  3.20e+02 -1.00e+05
1998 07 07  2225   51001  80700   1.91e+00  2.46e-01  2.23e-01  1.49e-01  1.38e-01  5.28e-02  3.04e+05  3.15e+02 -1.00e+05
1998 07 07  2230   51001  81000   1.50e+00  1.21e-01  9.80e-02  6.09e-02  4.60e-02  2.29e-02  3.02e+05  3.28e+02 -1.00e+05
1998 07 07  2235   51001  81300   3.28e+00  4.21e-01  2.43e-01  8.96e-02  7.85e-02  5.66e-02  3.04e+05  3.00e+02 -1.00e+05
1998 07 07  2240   51001  81600   2.19e+00  2.95e-01  1.96e-01  1.54e-01  1.03e-01  6.93e-02  2.95e+05  3.05e+02 -1.00e+05
1998 07 07  2245   51001  81900   1.64e+00  1.79e-01  1.56e-01  1.18e-01  7.35e-02  4.20e-02  2.94e+05  3.02e+02 -1.00e+05
1998 07 07  2250   51001  82200   1.73e+00  2.17e-01  1.94e-01  1.00e-01  8.91e-02  6.71e-02  2.94e+05  3.08e+02 -1.00e+05
1998 07 07  2255   51001  82500   2.64e+00  2.31e-01  1.31e-01  9.14e-02  8.03e-02  5.84e-02  2.95e+05  3.29e+02 -1.00e+05
1998 07 07  2300   51001  82800   1.91e+00  1.16e-01  9.28e-02  5.59e-02  4.48e-02  2.29e-02  3.05e+05  3.16e+02 -1.00e+05
1998 07 07  2305   51001  83100   1.72e+00  1.71e-01  1.48e-01  1.10e-01  6.33e-02  3.10e-02  3.00e+05  3.28e+02 -1.00e+05
1998 07 07  2310   51001  83400   2.49e+00  3.24e-01  1.82e-01  7.74e-02  6.63e-02  2.98e-02  3.05e+05  3.16e+02 -1.00e+05
1998 07 07  2315   51001  83700   1.90e+00  1.80e-01  1.57e-01  8.60e-02  7.49e-02  5.29e-02  3.04e+05  3.09e+02 -1.00e+05
1998 07 07  2320   51001  84000   1.55e+00  1.75e-01  1.52e-01  1.14e-01  6.84e-02  3.65e-02  3.03e+05  3.15e+02 -1.00e+05
1998 07 07  2325   51001  84300   2.68e+00  2.91e-01  1.94e-01  1.53e-01  1.07e-01  7.52e-02  3.01e+05  3.18e+02 -1.00e+05
1998 07 07  2330   51001  84600   1.49e+00  2.54e-01  2.28e-01  9.75e-02  8.64e-02  3.62e-02  3.05e+05  3.16e+02 -1.00e+05
1998 07 07  2335   51001  84900   1.86e+00  2.20e-01  1.97e-01  1.13e-01  9.80e-02  7.48e-02  3.02e+05  3.21e+02 -1.00e+05
1998 07 07  2340   51001  85200   2.71e+00  3.34e-01  1.51e-01  9.64e-02  7.60e-02  5.13e-02  3.02e+05  3.35e+02 -1.00e+05
1998 07 07  2345   51001  85500   1.58e+00  1.57e-01  1.34e-01  9.75e-02  8.64e-02  3.62e-02  3.01e+05  3.45e+02 -1.00e+05
1998 07 07  2350   51001  85800   1.67e+00  1.22e-01  9.90e-02  6.19e-02  4.62e-02  2.29e-02  3.05e+05  3.37e+02 -1.00e+05
1998 07 07  2355   51001  86100   1.76e+00  2.11e-01  1.88e-01  1.42e-01  9.78e-02  6.93e-02  3.00e+05  3.41e+02 -1.00e+05
