:Data_list: 20020707_G8part_5m.txt
:Created: 2002 Jul 08 0015 UTC
# Prepared by the U.S. Dept. of Commerce, NOAA, Space Environment Center.
# Please send comments and suggestions to sec@sec.noaa.gov 
# 
# Label: P > 1 = Particles at >1 Mev
# Label: P > 5 = Particles at >5 Mev
# Label: P >10 = Particles at >10 Mev
# Label: P >30 = Particles at >30 Mev
# Label: P >50 = Particles at >50 Mev
# Label: P>100 = Particles at >100 Mev
# Label: E>0.6 = Electrons at >0.6 Mev
# Label: E>2.0 = Electrons at >2.0 Mev
# Label: E>4.0 = Electrons at >4.0 Mev
# Units: Particles = Protons/cm2-s-sr
# Units: Electrons = Electrons/cm2-s-sr
# Source: GOES-8
# Location: W075
# Missing data: -1.00e+05
#
#                      5-minute  GOES-8 Solar Particle and Electron Flux
#
#                 Modified Seconds
# UTC Date  Time   Julian  of the
# YR MO DA  HHMM    Day     Day     P > 1     P > 5     P >10     P >30     P >50     P>100     E>0.6     E>2.0     E>4.0
#-------------------------------------------------------------------------------------------------------------------------
2002 07 07  0000   52462      0   1.86e+00  2.25e-01  9.23e-02  6.31e-02  5.52e-02  4.07e-02  5.96e+04  2.31e+00 -1.00e+05
2002 07 07  0005   52462    300   5.33e-01  9.98e-02  8.41e-02  5.64e-02  3.39e-02  1.52e-02  4.14e+04  4.15e+00 -1.00e+05
2002 07 07  0010   52462    600   1.46e+00  2.19e-01  1.35e-01  1.04e-01  6.62e-02  4.29e-02  3.41e+04  1.33e-01 -1.00e+05
2002 07 07  0015   52462    900   7.13e-01  2.86e-01  2.69e-01  9.50e-02  6.57e-02  4.73e-02  2.26e+04  1.33e-01 -1.00e+05
2002 07 07  0020   52462   1200   1.54e+00  3.65e-01  3.48e-01  1.19e-01  6.35e-02  2.23e-02  1.39e+04  1.33e-01 -1.00e+05
2002 07 07  0025   52462   1500   1.65e+00  1.52e-01  6.69e-02  3.76e-02  2.97e-02  1.52e-02  2.24e+04  3.57e+00 -1.00e+05
2002 07 07  0030   52462   1800   2.46e+00  3.72e-01  2.38e-01  8.36e-02  7.57e-02  3.00e-02  5.93e+04  8.05e+00 -1.00e+05
2002 07 07  0035   52462   2100   2.30e+00  1.63e-01  6.69e-02  3.76e-02  2.97e-02  1.52e-02  7.53e+04  8.75e+00 -1.00e+05
2002 07 07  0040   52462   2400   1.09e+00  8.52e-02  6.54e-02  3.76e-02  2.97e-02  1.52e-02  5.10e+04  4.82e+00 -1.00e+05
2002 07 07  0045   52462   2700   2.80e+00  5.97e-01  2.65e-01  8.51e-02  6.41e-02  4.58e-02  4.57e+04  5.66e+00 -1.00e+05
2002 07 07  0050   52462   3000   1.78e+00  1.76e-01  8.03e-02  5.09e-02  4.30e-02  2.86e-02  6.02e+04  9.17e+00 -1.00e+05
2002 07 07  0055   52462   3300   2.52e+00  2.25e-01  9.70e-02  6.77e-02  5.98e-02  3.62e-02  6.64e+04  8.84e+00 -1.00e+05
2002 07 07  0100   52462   3600   2.18e+00  2.01e-01  6.68e-02  3.76e-02  2.97e-02  1.52e-02  6.98e+04  8.57e+00 -1.00e+05
2002 07 07  0105   52462   3900   1.29e+00  2.07e-01  1.91e-01  1.56e-01  9.76e-02  3.09e-02  7.16e+04  1.82e+01 -1.00e+05
2002 07 07  0110   52462   4200   8.52e-01  1.01e-01  8.51e-02  5.80e-02  5.01e-02  1.59e-02  6.85e+04  1.49e+01 -1.00e+05
2002 07 07  0115   52462   4500   1.48e+00  1.66e-01  1.51e-01  1.00e-01  9.22e-02  3.91e-02  7.97e+04  2.43e+01 -1.00e+05
2002 07 07  0120   52462   4800   1.61e+00  2.06e-01  1.86e-01  7.04e-02  3.36e-02  1.52e-02  8.57e+04  2.80e+01 -1.00e+05
2002 07 07  0125   52462   5100   1.53e+00  1.74e-01  1.54e-01  4.12e-02  3.33e-02  1.88e-02  9.08e+04  2.67e+01 -1.00e+05
2002 07 07  0130   52462   5400   2.02e+00  2.00e-01  1.03e-01  7.22e-02  3.35e-02  1.52e-02  1.03e+05  3.69e+01 -1.00e+05
2002 07 07  0135   52462   5700   1.86e+00  2.89e-01  2.73e-01  2.43e-01  1.18e-01  1.60e-02  1.09e+05  4.10e+01 -1.00e+05
2002 07 07  0140   52462   6000   1.97e+00  1.95e-01  1.80e-01  6.63e-02  3.74e-02  1.88e-02  1.13e+05  3.70e+01 -1.00e+05
2002 07 07  0145   52462   6300   1.70e+00  2.70e-01  2.55e-01  1.64e-01  8.77e-02  1.60e-02  1.18e+05  5.01e+01 -1.00e+05
2002 07 07  0150   52462   6600   1.20e+00  8.54e-02  6.96e-02  4.24e-02  3.07e-02  1.52e-02  1.05e+05  4.02e+01 -1.00e+05
2002 07 07  0155   52462   6900   1.17e+00  1.32e-01  1.17e-01  8.95e-02  8.16e-02  5.29e-02  9.82e+04  3.62e+01 -1.00e+05
2002 07 07  0200   52462   7200   2.83e+00  2.32e-01  8.62e-02  5.71e-02  4.92e-02  3.47e-02  1.06e+05  4.08e+01 -1.00e+05
2002 07 07  0205   52462   7500   9.74e-01  1.06e-01  8.86e-02  6.12e-02  5.33e-02  3.88e-02  1.13e+05  4.76e+01 -1.00e+05
2002 07 07  0210   52462   7800   2.49e+00  2.44e-01  6.66e-02  3.76e-02  2.97e-02  1.52e-02  1.07e+05  5.01e+01 -1.00e+05
2002 07 07  0215   52462   8100   1.12e+00  1.41e-01  1.26e-01  5.97e-02  5.18e-02  2.23e-02  1.11e+05  4.54e+01 -1.00e+05
2002 07 07  0220   52462   8400   9.03e-01  1.00e-01  8.45e-02  5.73e-02  4.94e-02  3.50e-02  1.11e+05  3.87e+01 -1.00e+05
2002 07 07  0225   52462   8700   1.20e+00  1.29e-01  1.14e-01  8.65e-02  7.86e-02  3.09e-02  1.11e+05  4.57e+01 -1.00e+05
2002 07 07  0230   52462   9000   2.33e+00  1.83e-01  8.82e-02  5.89e-02  5.10e-02  3.65e-02  1.08e+05  4.30e+01 -1.00e+05
2002 07 07  0235   52462   9300   7.50e-01  1.48e-01  1.32e-01  6.32e-02  5.53e-02  4.09e-02  1.09e+05  3.78e+01 -1.00e+05
2002 07 07  0240   52462   9600   1.23e+00  1.77e-01  1.43e-01  4.67e-02  3.88e-02  2.43e-02  1.09e+05  5.12e+01 -1.00e+05
2002 07 07  0245   52462   9900   2.90e+00  2.71e-01  1.45e-01  1.14e-01  6.33e-02  2.23e-02  1.13e+05  4.59e+01 -1.00e+05
2002 07 07  0250   52462  10200   2.67e+00  5.02e-01  2.28e-01  4.24e-02  3.07e-02  1.52e-02  1.12e+05  5.22e+01 -1.00e+05
2002 07 07  0255   52462  10500   1.78e+00  3.46e-01  1.66e-01  3.76e-02  2.97e-02  1.52e-02  1.19e+05  5.73e+01 -1.00e+05
2002 07 07  0300   52462  10800   1.75e+00  1.66e-01  1.48e-01  6.00e-02  5.21e-02  3.76e-02  1.20e+05  5.60e+01 -1.00e+05
2002 07 07  0305   52462  11100   1.17e+00  3.41e-01  3.25e-01  7.05e-02  3.36e-02  1.52e-02  1.20e+05  6.33e+01 -1.00e+05
2002 07 07  0310   52462  11400   1.05e+00  1.10e-01  9.45e-02  6.69e-02  4.76e-02  2.98e-02  1.19e+05  5.55e+01 -1.00e+05
2002 07 07  0315   52462  11700   1.03e+00  1.84e-01  1.68e-01  6.00e-02  5.21e-02  3.76e-02  1.17e+05  5.13e+01 -1.00e+05
2002 07 07  0320   52462  12000   1.50e+00  1.06e-01  9.03e-02  6.31e-02  5.52e-02  1.60e-02  1.20e+05  5.27e+01 -1.00e+05
2002 07 07  0325   52462  12300   2.33e+00  2.07e-01  1.22e-01  9.24e-02  8.45e-02  5.38e-02  1.23e+05  5.34e+01 -1.00e+05
2002 07 07  0330   52462  12600   2.58e+00  2.79e-01  1.03e-01  7.40e-02  6.61e-02  5.16e-02  1.22e+05  6.04e+01 -1.00e+05
2002 07 07  0335   52462  12900   1.19e+00  1.08e-01  9.22e-02  6.47e-02  4.90e-02  3.23e-02  1.23e+05  5.50e+01 -1.00e+05
2002 07 07  0340   52462  13200   1.43e+00  8.04e-02  6.47e-02  3.76e-02  2.97e-02  1.52e-02  1.25e+05  5.68e+01 -1.00e+05
2002 07 07  0345   52462  13500   1.18e+00  1.53e-01  1.38e-01  1.10e-01  8.45e-02  6.49e-02  1.24e+05  5.79e+01 -1.00e+05
2002 07 07  0350   52462  13800   1.12e+00  1.87e-01  1.71e-01  8.40e-02  6.49e-02  2.63e-02  1.22e+05  5.10e+01 -1.00e+05
2002 07 07  0355   52462  14100   1.50e+00  1.47e-01  1.32e-01  1.04e-01  8.47e-02  4.17e-02  1.23e+05  5.21e+01 -1.00e+05
2002 07 07  0400   52462  14400   9.51e-01  1.96e-01  1.80e-01  6.59e-02  3.37e-02  1.52e-02  1.20e+05  4.45e+01 -1.00e+05
2002 07 07  0405   52462  14700   9.53e-01  1.04e-01  8.87e-02  6.11e-02  4.17e-02  1.80e-02  1.20e+05  5.78e+01 -1.00e+05
2002 07 07  0410   52462  15000   2.13e+00  3.32e-01  2.16e-01  9.84e-02  6.17e-02  3.71e-02  1.22e+05  4.82e+01 -1.00e+05
2002 07 07  0415   52462  15300   1.46e+00  1.42e-01  1.26e-01  3.76e-02  2.97e-02  1.52e-02  1.19e+05  5.08e+01 -1.00e+05
2002 07 07  0420   52462  15600   1.38e+00  1.16e-01  8.25e-02  5.21e-02  4.42e-02  2.98e-02  1.26e+05  5.32e+01 -1.00e+05
2002 07 07  0425   52462  15900   1.15e+00  1.39e-01  1.20e-01  4.94e-02  4.15e-02  2.70e-02  1.25e+05  5.75e+01 -1.00e+05
2002 07 07  0430   52462  16200   2.24e+00  2.67e-01  1.34e-01  1.03e-01  7.01e-02  5.16e-02  1.27e+05  5.12e+01 -1.00e+05
2002 07 07  0435   52462  16500   1.16e+00  2.18e-01  2.02e-01  6.31e-02  3.37e-02  1.52e-02  1.26e+05  5.84e+01 -1.00e+05
2002 07 07  0440   52462  16800   1.37e+00  2.69e-01  2.06e-01  1.75e-01  1.09e-01  3.46e-02  1.24e+05  4.88e+01 -1.00e+05
2002 07 07  0445   52462  17100   3.22e+00  5.50e-01  2.02e-01  1.02e-01  9.39e-02  4.94e-02  1.25e+05  5.90e+01 -1.00e+05
2002 07 07  0450   52462  17400   2.91e+00  2.13e-01  6.67e-02  3.76e-02  2.97e-02  1.52e-02  1.24e+05  4.89e+01 -1.00e+05
2002 07 07  0455   52462  17700   1.33e+00  2.20e-01  2.05e-01  9.71e-02  6.67e-02  4.82e-02  1.18e+05  4.89e+01 -1.00e+05
2002 07 07  0500   52462  18000   1.29e+00  1.27e-01  1.11e-01  8.43e-02  7.64e-02  3.27e-02  1.17e+05  5.15e+01 -1.00e+05
2002 07 07  0505   52462  18300   1.48e+00  2.22e-01  1.34e-01  1.04e-01  7.51e-02  4.14e-02  1.13e+05  4.81e+01 -1.00e+05
2002 07 07  0510   52462  18600   1.86e+00  2.10e-01  1.26e-01  9.53e-02  6.47e-02  4.62e-02  1.12e+05  4.37e+01 -1.00e+05
2002 07 07  0515   52462  18900   1.51e+00  4.05e-01  2.27e-01  5.30e-02  4.51e-02  3.07e-02  1.07e+05  4.11e+01 -1.00e+05
2002 07 07  0520   52462  19200   1.43e+00  1.70e-01  9.01e-02  6.06e-02  5.28e-02  1.60e-02  1.07e+05  3.49e+01 -1.00e+05
2002 07 07  0525   52462  19500   8.45e-01  2.09e-01  1.90e-01  7.69e-02  4.56e-02  2.43e-02  1.08e+05  4.06e+01 -1.00e+05
2002 07 07  0530   52462  19800   8.05e-01  1.03e-01  8.68e-02  5.97e-02  5.18e-02  2.23e-02  1.06e+05  3.69e+01 -1.00e+05
2002 07 07  0535   52462  20100   1.42e+00  2.57e-01  1.11e-01  8.09e-02  5.07e-02  2.98e-02  1.08e+05  3.46e+01 -1.00e+05
2002 07 07  0540   52462  20400   5.61e-01  1.28e-01  1.12e-01  8.31e-02  4.87e-02  3.02e-02  1.09e+05  3.14e+01 -1.00e+05
2002 07 07  0545   52462  20700   9.24e-01  1.22e-01  1.06e-01  7.79e-02  5.00e-02  2.98e-02  1.13e+05  3.81e+01 -1.00e+05
2002 07 07  0550   52462  21000   9.96e-01  1.74e-01  1.58e-01  1.00e-01  6.67e-02  1.60e-02  1.29e+05  4.38e+01 -1.00e+05
2002 07 07  0555   52462  21300   9.01e-01  9.87e-02  8.29e-02  5.58e-02  4.79e-02  3.34e-02  1.34e+05  5.06e+01 -1.00e+05
2002 07 07  0600   52462  21600   1.32e+00  1.86e-01  1.03e-01  7.38e-02  6.59e-02  2.93e-02  1.30e+05  5.02e+01 -1.00e+05
2002 07 07  0605   52462  21900   1.34e+00  1.48e-01  1.32e-01  1.05e-01  9.30e-02  3.52e-02  1.26e+05  5.59e+01 -1.00e+05
2002 07 07  0610   52462  22200   1.28e+00  8.04e-02  6.47e-02  3.76e-02  2.97e-02  1.52e-02  1.18e+05  4.72e+01 -1.00e+05
2002 07 07  0615   52462  22500   1.01e+00  1.62e-01  1.46e-01  1.18e-01  7.90e-02  4.55e-02  1.12e+05  3.76e+01 -1.00e+05
2002 07 07  0620   52462  22800   1.28e+00  1.67e-01  1.51e-01  3.76e-02  2.97e-02  1.52e-02  1.10e+05  5.09e+01 -1.00e+05
2002 07 07  0625   52462  23100   2.49e-01  1.00e-01  8.07e-02  5.24e-02  3.30e-02  1.52e-02  1.13e+05  3.42e+01 -1.00e+05
2002 07 07  0630   52462  23400   7.57e-01  1.04e-01  8.86e-02  6.14e-02  5.35e-02  2.90e-02  1.14e+05  4.39e+01 -1.00e+05
2002 07 07  0635   52462  23700   9.24e-01  1.22e-01  1.06e-01  7.87e-02  6.29e-02  4.62e-02  1.20e+05  5.27e+01 -1.00e+05
2002 07 07  0640   52462  24000   6.34e-01  1.02e-01  8.62e-02  5.91e-02  5.12e-02  3.67e-02  1.19e+05  4.88e+01 -1.00e+05
2002 07 07  0645   52462  24300   1.49e+00  1.93e-01  9.79e-02  6.85e-02  6.06e-02  4.62e-02  1.21e+05  4.45e+01 -1.00e+05
2002 07 07  0650   52462  24600   6.29e-01  8.04e-02  6.47e-02  3.76e-02  2.97e-02  1.52e-02  1.21e+05  4.22e+01 -1.00e+05
2002 07 07  0655   52462  24900   1.03e+00  1.65e-01  8.08e-02  5.14e-02  4.35e-02  2.91e-02  1.18e+05  3.79e+01 -1.00e+05
2002 07 07  0700   52462  25200   7.72e-01  1.37e-01  1.21e-01  9.23e-02  4.55e-02  1.80e-02  1.20e+05  4.42e+01 -1.00e+05
2002 07 07  0705   52462  25500   1.18e+00  1.60e-01  1.44e-01  8.36e-02  7.57e-02  3.00e-02  1.21e+05  4.71e+01 -1.00e+05
2002 07 07  0710   52462  25800   1.12e+00  1.29e-01  9.43e-02  6.27e-02  3.37e-02  1.52e-02  1.19e+05  4.57e+01 -1.00e+05
2002 07 07  0715   52462  26100   9.02e-01  1.25e-01  1.09e-01  8.18e-02  5.93e-02  1.60e-02  1.19e+05  4.06e+01 -1.00e+05
2002 07 07  0720   52462  26400   1.17e+00  2.18e-01  1.46e-01  1.02e-01  7.99e-02  3.00e-02  1.21e+05  3.87e+01 -1.00e+05
2002 07 07  0725   52462  26700   8.98e-01  9.57e-02  7.99e-02  5.24e-02  3.30e-02  1.52e-02  1.21e+05  4.09e+01 -1.00e+05
2002 07 07  0730   52462  27000   9.10e-01  1.31e-01  1.15e-01  4.63e-02  3.84e-02  1.80e-02  1.16e+05  3.76e+01 -1.00e+05
2002 07 07  0735   52462  27300   1.19e+00  8.54e-02  6.80e-02  4.06e-02  3.27e-02  1.62e-02  1.10e+05  3.65e+01 -1.00e+05
2002 07 07  0740   52462  27600   6.68e-01  1.20e-01  1.04e-01  4.24e-02  3.07e-02  1.52e-02  1.11e+05  3.26e+01 -1.00e+05
2002 07 07  0745   52462  27900   6.67e-01  1.22e-01  1.06e-01  7.85e-02  5.60e-02  2.23e-02  1.07e+05  3.25e+01 -1.00e+05
2002 07 07  0750   52462  28200   4.38e-01  8.04e-02  6.47e-02  3.76e-02  2.97e-02  1.52e-02  1.05e+05  3.08e+01 -1.00e+05
2002 07 07  0755   52462  28500   2.10e+00  2.64e-01  1.20e-01  8.94e-02  4.55e-02  1.80e-02  1.13e+05  2.87e+01 -1.00e+05
2002 07 07  0800   52462  28800   8.10e-01  1.93e-01  1.76e-01  7.09e-02  6.30e-02  4.86e-02  1.11e+05  3.75e+01 -1.00e+05
2002 07 07  0805   52462  29100   8.56e-01  2.73e-01  2.57e-01  8.37e-02  5.52e-02  2.95e-02  1.11e+05  3.80e+01 -1.00e+05
2002 07 07  0810   52462  29400   1.76e+00  2.26e-01  8.01e-02  5.09e-02  4.30e-02  2.86e-02  1.09e+05  4.04e+01 -1.00e+05
2002 07 07  0815   52462  29700   1.60e+00  2.29e-01  9.66e-02  6.74e-02  5.95e-02  4.50e-02  1.12e+05  4.46e+01 -1.00e+05
2002 07 07  0820   52462  30000   7.10e-01  1.74e-01  8.94e-02  6.00e-02  5.21e-02  3.76e-02  1.18e+05  5.02e+01 -1.00e+05
2002 07 07  0825   52462  30300   1.40e+00  2.33e-01  8.80e-02  5.89e-02  5.10e-02  3.65e-02  1.25e+05  5.23e+01 -1.00e+05
2002 07 07  0830   52462  30600   6.99e-01  9.71e-02  8.14e-02  5.42e-02  4.63e-02  3.19e-02  1.29e+05  5.75e+01 -1.00e+05
2002 07 07  0835   52462  30900   8.50e-01  1.18e-01  9.97e-02  4.98e-02  4.19e-02  2.74e-02  1.37e+05  5.83e+01 -1.00e+05
2002 07 07  0840   52462  31200   1.98e+00  3.21e-01  1.82e-01  5.21e-02  4.42e-02  2.98e-02  1.41e+05  6.16e+01 -1.00e+05
2002 07 07  0845   52462  31500   7.50e-01  9.50e-02  7.93e-02  5.21e-02  4.42e-02  2.98e-02  1.44e+05  5.80e+01 -1.00e+05
2002 07 07  0850   52462  31800   2.67e+00  2.70e-01  1.26e-01  5.42e-02  4.63e-02  3.19e-02  1.40e+05  6.81e+01 -1.00e+05
2002 07 07  0855   52462  32100   1.05e+00  1.71e-01  1.52e-01  3.76e-02  2.97e-02  1.52e-02  1.40e+05  6.87e+01 -1.00e+05
2002 07 07  0900   52462  32400   1.99e+00  4.88e-01  2.14e-01  4.67e-02  3.88e-02  2.43e-02  1.39e+05  7.56e+01 -1.00e+05
2002 07 07  0905   52462  32700   1.20e+00  1.92e-01  9.67e-02  6.69e-02  4.76e-02  2.98e-02  1.49e+05  8.04e+01 -1.00e+05
2002 07 07  0910   52462  33000   1.03e+00  1.80e-01  1.61e-01  4.94e-02  4.15e-02  2.70e-02  1.58e+05  8.21e+01 -1.00e+05
2002 07 07  0915   52462  33300   2.11e+00  3.24e-01  1.57e-01  1.27e-01  8.83e-02  4.48e-02  1.59e+05  8.03e+01 -1.00e+05
2002 07 07  0920   52462  33600   6.62e-01  1.14e-01  9.81e-02  7.09e-02  6.30e-02  4.86e-02  1.59e+05  7.85e+01 -1.00e+05
2002 07 07  0925   52462  33900   1.97e+00  2.06e-01  7.55e-02  4.63e-02  3.84e-02  1.80e-02  1.66e+05  8.90e+01 -1.00e+05
2002 07 07  0930   52462  34200   9.67e-01  1.41e-01  1.25e-01  9.68e-02  5.85e-02  3.52e-02  1.61e+05  8.01e+01 -1.00e+05
2002 07 07  0935   52462  34500   1.88e+00  2.33e-01  8.61e-02  5.64e-02  3.39e-02  1.52e-02  1.59e+05  7.75e+01 -1.00e+05
2002 07 07  0940   52462  34800   1.03e+00  2.94e-01  1.70e-01  3.76e-02  2.97e-02  1.52e-02  1.55e+05  7.12e+01 -1.00e+05
2002 07 07  0945   52462  35100   8.91e-01  1.11e-01  9.54e-02  6.73e-02  3.64e-02  1.52e-02  1.48e+05  6.83e+01 -1.00e+05
2002 07 07  0950   52462  35400   7.38e-01  1.39e-01  1.24e-01  5.82e-02  5.03e-02  1.60e-02  1.48e+05  6.79e+01 -1.00e+05
2002 07 07  0955   52462  35700   8.67e-01  2.25e-01  2.05e-01  5.64e-02  3.39e-02  1.52e-02  1.49e+05  5.62e+01 -1.00e+05
2002 07 07  1000   52462  36000   6.05e-01  1.96e-01  1.13e-01  8.32e-02  5.59e-02  3.34e-02  1.46e+05  5.76e+01 -1.00e+05
2002 07 07  1005   52462  36300   5.02e-01  1.50e-01  1.34e-01  1.06e-01  7.26e-02  2.66e-02  1.40e+05  5.99e+01 -1.00e+05
2002 07 07  1010   52462  36600   1.14e+00  2.99e-01  1.75e-01  4.24e-02  3.07e-02  1.52e-02  1.33e+05  3.99e+01 -1.00e+05
2002 07 07  1015   52462  36900   5.48e-01  1.18e-01  1.02e-01  7.45e-02  5.51e-02  2.23e-02  1.36e+05  4.89e+01 -1.00e+05
2002 07 07  1020   52462  37200   7.00e-01  9.77e-02  8.01e-02  5.26e-02  4.47e-02  3.02e-02  1.38e+05  5.35e+01 -1.00e+05
2002 07 07  1025   52462  37500   7.77e-01  1.80e-01  1.65e-01  8.36e-02  7.57e-02  3.00e-02  1.43e+05  4.77e+01 -1.00e+05
2002 07 07  1030   52462  37800   1.78e+00  3.32e-01  2.02e-01  1.71e-01  9.87e-02  3.09e-02  1.53e+05  5.53e+01 -1.00e+05
2002 07 07  1035   52462  38100   6.26e-01  1.43e-01  1.27e-01  9.99e-02  9.20e-02  3.52e-02  1.58e+05  6.38e+01 -1.00e+05
2002 07 07  1040   52462  38400   1.44e+00  1.93e-01  1.15e-01  8.47e-02  5.37e-02  2.08e-02  1.65e+05  6.26e+01 -1.00e+05
2002 07 07  1045   52462  38700   9.36e-01  1.37e-01  1.22e-01  9.34e-02  6.01e-02  1.60e-02  1.71e+05  8.32e+01 -1.00e+05
2002 07 07  1050   52462  39000   1.63e+00  6.67e-01  2.00e-01  7.69e-02  6.90e-02  5.45e-02  1.81e+05  9.04e+01 -1.00e+05
2002 07 07  1055   52462  39300   1.26e+00  1.78e-01  1.13e-01  8.36e-02  7.57e-02  3.00e-02  1.88e+05  9.02e+01 -1.00e+05
2002 07 07  1100   52462  39600   1.69e+00  5.38e-01  3.01e-01  3.76e-02  2.97e-02  1.52e-02  1.94e+05  9.00e+01 -1.00e+05
2002 07 07  1105   52462  39900   6.25e-01  1.36e-01  1.20e-01  9.22e-02  5.96e-02  2.50e-02  1.99e+05  1.06e+02 -1.00e+05
2002 07 07  1110   52462  40200   8.22e-01  1.43e-01  1.27e-01  1.00e-01  9.23e-02  4.33e-02  2.03e+05  1.15e+02 -1.00e+05
2002 07 07  1115   52462  40500   6.39e-01  2.06e-01  1.91e-01  9.02e-02  8.20e-02  6.75e-02  2.05e+05  1.15e+02 -1.00e+05
2002 07 07  1120   52462  40800   8.49e-01  1.43e-01  1.28e-01  5.76e-02  4.97e-02  3.52e-02  2.06e+05  1.21e+02 -1.00e+05
2002 07 07  1125   52462  41100   1.07e+00  2.81e-01  1.84e-01  8.41e-02  6.47e-02  2.54e-02  1.99e+05  9.68e+01 -1.00e+05
2002 07 07  1130   52462  41400   8.31e-01  1.08e-01  7.31e-02  4.24e-02  3.07e-02  1.52e-02  2.01e+05  1.10e+02 -1.00e+05
2002 07 07  1135   52462  41700   1.09e+00  1.49e-01  1.33e-01  6.93e-02  6.14e-02  2.54e-02  2.04e+05  1.16e+02 -1.00e+05
2002 07 07  1140   52462  42000   8.89e-01  1.85e-01  1.69e-01  4.63e-02  3.84e-02  1.80e-02  2.08e+05  1.09e+02 -1.00e+05
2002 07 07  1145   52462  42300   7.08e-01  1.24e-01  1.08e-01  3.76e-02  2.97e-02  1.52e-02  2.16e+05  1.37e+02 -1.00e+05
2002 07 07  1150   52462  42600   4.80e-01  1.80e-01  1.65e-01  1.02e-01  6.87e-02  2.54e-02  2.21e+05  1.32e+02 -1.00e+05
2002 07 07  1155   52462  42900   8.71e-01  1.17e-01  1.01e-01  7.40e-02  6.61e-02  5.16e-02  2.17e+05  1.32e+02 -1.00e+05
2002 07 07  1200   52462  43200   7.35e-01  1.03e-01  8.68e-02  5.97e-02  5.18e-02  2.23e-02  2.21e+05  1.30e+02 -1.00e+05
2002 07 07  1205   52462  43500   7.30e-01  9.36e-02  7.44e-02  4.67e-02  3.88e-02  2.43e-02  2.20e+05  1.34e+02 -1.00e+05
2002 07 07  1210   52462  43800   3.12e-01  8.04e-02  6.47e-02  3.76e-02  2.97e-02  1.52e-02  2.26e+05  1.30e+02 -1.00e+05
2002 07 07  1215   52462  44100   1.12e+00  1.95e-01  1.78e-01  8.02e-02  6.48e-02  4.82e-02  2.22e+05  1.23e+02 -1.00e+05
2002 07 07  1220   52462  44400   2.00e+00  3.29e-01  1.55e-01  5.49e-02  4.70e-02  2.08e-02  2.27e+05  1.44e+02 -1.00e+05
2002 07 07  1225   52462  44700   1.06e+00  1.06e-01  7.67e-02  4.70e-02  3.91e-02  2.07e-02  2.38e+05  1.51e+02 -1.00e+05
2002 07 07  1230   52462  45000   1.31e+00  1.58e-01  8.76e-02  5.82e-02  5.03e-02  1.60e-02  2.53e+05  1.67e+02 -1.00e+05
2002 07 07  1235   52462  45300   1.32e+00  1.56e-01  1.40e-01  5.49e-02  4.70e-02  2.08e-02  2.61e+05  1.80e+02 -1.00e+05
2002 07 07  1240   52462  45600   2.36e+00  2.13e-01  6.67e-02  3.76e-02  2.97e-02  1.52e-02  2.71e+05  1.79e+02 -1.00e+05
2002 07 07  1245   52462  45900   1.77e+00  2.83e-01  2.09e-01  1.70e-01  1.34e-01  7.08e-02  2.72e+05  1.76e+02 -1.00e+05
2002 07 07  1250   52462  46200   1.88e+00  3.56e-01  2.81e-01  2.39e-01  1.10e-01  1.60e-02  2.72e+05  1.79e+02 -1.00e+05
2002 07 07  1255   52462  46500   2.17e+00  7.39e-01  5.57e-01  1.63e-01  7.81e-02  1.60e-02  2.79e+05  1.83e+02 -1.00e+05
2002 07 07  1300   52462  46800   1.60e+00  3.74e-01  1.78e-01  4.50e-02  3.41e-02  1.88e-02  2.96e+05  2.12e+02 -1.00e+05
2002 07 07  1305   52462  47100   2.20e+00  4.14e-01  2.57e-01  2.25e-01  1.32e-01  5.40e-02  3.05e+05  2.32e+02 -1.00e+05
2002 07 07  1310   52462  47400   1.19e+00  3.71e-01  3.55e-01  2.95e-01  1.13e-01  1.60e-02  3.17e+05  2.39e+02 -1.00e+05
2002 07 07  1315   52462  47700   1.01e+00  2.62e-01  2.46e-01  2.15e-01  9.83e-02  1.60e-02  3.32e+05  2.79e+02 -1.00e+05
2002 07 07  1320   52462  48000   1.77e+00  7.93e-01  7.77e-01  2.58e-01  1.35e-01  4.95e-02  3.46e+05  2.74e+02 -1.00e+05
2002 07 07  1325   52462  48300   1.36e+00  6.82e-01  6.67e-01  2.35e-01  9.38e-02  1.60e-02  3.54e+05  2.94e+02 -1.00e+05
2002 07 07  1330   52462  48600   1.57e+00  7.71e-01  7.55e-01  2.61e-01  1.33e-01  5.00e-02  3.54e+05  2.91e+02 -1.00e+05
2002 07 07  1335   52462  48900   2.84e+00  1.06e+00  7.55e-01  2.59e-01  1.33e-01  6.24e-02  3.59e+05  2.89e+02 -1.00e+05
2002 07 07  1340   52462  49200   2.64e+00  1.10e+00  9.07e-01  3.54e-01  1.58e-01  3.49e-02  3.59e+05  3.23e+02 -1.00e+05
2002 07 07  1345   52462  49500   3.34e+00  1.73e+00  1.47e+00  3.10e-01  1.33e-01  5.00e-02  3.64e+05  3.31e+02 -1.00e+05
2002 07 07  1350   52462  49800   3.06e+00  1.84e+00  1.58e+00  4.91e-01  1.53e-01  1.60e-02  3.66e+05  3.35e+02 -1.00e+05
2002 07 07  1355   52462  50100   2.23e+00  1.21e+00  1.19e+00  3.24e-01  1.02e-01  1.60e-02  3.62e+05  3.42e+02 -1.00e+05
2002 07 07  1400   52462  50400   4.25e+00  2.87e+00  2.42e+00  4.63e-01  1.31e-01  1.60e-02  3.68e+05  3.14e+02 -1.00e+05
2002 07 07  1405   52462  50700   4.38e+00  1.92e+00  1.40e+00  4.79e-01  2.13e-01  7.79e-02  3.79e+05  3.48e+02 -1.00e+05
2002 07 07  1410   52462  51000   3.76e+00  2.20e+00  1.87e+00  5.05e-01  1.38e-01  2.15e-02  3.75e+05  3.62e+02 -1.00e+05
2002 07 07  1415   52462  51300   6.97e+00  5.04e+00  3.83e+00  5.88e-01  1.84e-01  4.36e-02  3.73e+05  3.56e+02 -1.00e+05
2002 07 07  1420   52462  51600   7.81e+00  5.94e+00  4.48e+00  9.06e-01  3.29e-01  9.30e-02  3.61e+05  3.48e+02 -1.00e+05
2002 07 07  1425   52462  51900   9.78e+00  6.57e+00  4.94e+00  1.23e+00  3.08e-01  1.58e-02  3.49e+05  3.23e+02 -1.00e+05
2002 07 07  1430   52462  52200   1.13e+01  7.45e+00  5.45e+00  1.15e+00  2.86e-01  1.58e-02  3.76e+05  3.57e+02 -1.00e+05
2002 07 07  1435   52462  52500   1.15e+01  7.08e+00  5.13e+00  1.05e+00  3.63e-01  8.39e-02  3.99e+05  4.15e+02 -1.00e+05
2002 07 07  1440   52462  52800   9.64e+00  7.22e+00  5.46e+00  1.04e+00  3.00e-01  4.86e-02  4.10e+05  4.54e+02 -1.00e+05
2002 07 07  1445   52462  53100   1.10e+01  7.10e+00  5.58e+00  8.64e-01  2.57e-01  6.09e-02  4.21e+05  4.76e+02 -1.00e+05
2002 07 07  1450   52462  53400   1.27e+01  8.99e+00  6.13e+00  1.04e+00  2.96e-01  4.86e-02  4.35e+05  4.82e+02 -1.00e+05
2002 07 07  1455   52462  53700   1.32e+01  8.14e+00  5.35e+00  9.45e-01  2.22e-01  2.15e-02  4.55e+05  5.12e+02 -1.00e+05
2002 07 07  1500   52462  54000   1.13e+01  7.40e+00  4.92e+00  1.11e+00  3.11e-01  3.05e-02  4.62e+05  4.88e+02 -1.00e+05
2002 07 07  1505   52462  54300   1.30e+01  8.08e+00  5.47e+00  1.02e+00  2.56e-01  1.59e-02  4.62e+05  5.22e+02 -1.00e+05
2002 07 07  1510   52462  54600   1.31e+01  8.22e+00  5.56e+00  1.24e+00  3.32e-01  2.14e-02  4.62e+05  5.34e+02 -1.00e+05
2002 07 07  1515   52462  54900   1.21e+01  8.33e+00  5.35e+00  1.11e+00  3.40e-01  5.76e-02  4.62e+05  5.24e+02 -1.00e+05
2002 07 07  1520   52462  55200   1.24e+01  8.40e+00  6.00e+00  1.41e+00  4.45e-01  6.15e-02  4.62e+05  4.85e+02 -1.00e+05
2002 07 07  1525   52462  55500   1.37e+01  8.93e+00  6.23e+00  1.19e+00  3.44e-01  6.65e-02  4.53e+05  4.91e+02 -1.00e+05
2002 07 07  1530   52462  55800   1.40e+01  9.69e+00  6.64e+00  1.50e+00  3.59e-01  1.58e-02  4.51e+05  4.92e+02 -1.00e+05
2002 07 07  1535   52462  56100   1.48e+01  9.92e+00  7.06e+00  1.38e+00  3.08e-01  1.58e-02  4.41e+05  4.77e+02 -1.00e+05
2002 07 07  1540   52462  56400   1.78e+01  1.22e+01  7.96e+00  1.73e+00  4.38e-01  3.95e-02  4.42e+05  4.90e+02 -1.00e+05
2002 07 07  1545   52462  56700   1.57e+01  1.06e+01  7.47e+00  1.56e+00  4.56e-01  6.29e-02  4.44e+05  4.79e+02 -1.00e+05
2002 07 07  1550   52462  57000   1.88e+01  1.26e+01  8.93e+00  1.54e+00  3.05e-01  1.58e-02  4.41e+05  4.79e+02 -1.00e+05
2002 07 07  1555   52462  57300   2.41e+01  1.37e+01  9.75e+00  1.90e+00  5.43e-01  9.02e-02  4.52e+05  4.93e+02 -1.00e+05
2002 07 07  1600   52462  57600   2.21e+01  1.24e+01  9.39e+00  1.45e+00  2.88e-01  1.58e-02  4.62e+05  5.26e+02 -1.00e+05
2002 07 07  1605   52462  57900   2.55e+01  1.36e+01  9.85e+00  1.26e+00  2.30e-01  1.59e-02  4.77e+05  4.97e+02 -1.00e+05
2002 07 07  1610   52462  58200   2.59e+01  1.26e+01  9.04e+00  1.73e+00  3.95e-01  2.62e-02  4.82e+05  5.27e+02 -1.00e+05
2002 07 07  1615   52462  58500   2.41e+01  9.54e+00  6.50e+00  1.06e+00  3.16e-01  7.21e-02  4.81e+05  5.36e+02 -1.00e+05
2002 07 07  1620   52462  58800   2.33e+01  1.15e+01  8.05e+00  1.19e+00  2.46e-01  1.59e-02  5.04e+05  6.12e+02 -1.00e+05
2002 07 07  1625   52462  59100   2.60e+01  1.38e+01  9.51e+00  1.25e+00  3.06e-01  5.75e-02  5.10e+05  6.16e+02 -1.00e+05
2002 07 07  1630   52462  59400   2.48e+01  1.36e+01  1.00e+01  1.57e+00  3.69e-01  4.37e-02  5.14e+05  6.36e+02 -1.00e+05
2002 07 07  1635   52462  59700   1.97e+01  1.09e+01  8.30e+00  1.74e+00  4.97e-01  8.36e-02  5.20e+05  6.72e+02 -1.00e+05
2002 07 07  1640   52462  60000   2.44e+01  1.36e+01  9.83e+00  1.17e+00  2.21e-01  2.15e-02  4.85e+05  6.17e+02 -1.00e+05
2002 07 07  1645   52462  60300   1.91e+01  1.10e+01  8.56e+00  1.59e+00  4.21e-01  5.39e-02  5.23e+05  6.52e+02 -1.00e+05
2002 07 07  1650   52462  60600   2.14e+01  1.32e+01  9.84e+00  9.04e-01  2.45e-01  7.48e-02  5.26e+05  7.01e+02 -1.00e+05
2002 07 07  1655   52462  60900   2.06e+01  1.37e+01  1.01e+01  1.24e+00  2.40e-01  1.59e-02  5.23e+05  7.16e+02 -1.00e+05
2002 07 07  1700   52462  61200   1.89e+01  1.12e+01  7.93e+00  1.45e+00  2.94e-01  1.58e-02  5.26e+05  7.19e+02 -1.00e+05
2002 07 07  1705   52462  61500   1.85e+01  1.18e+01  8.81e+00  1.34e+00  2.64e-01  1.59e-02  5.46e+05  7.63e+02 -1.00e+05
2002 07 07  1710   52462  61800   1.68e+01  1.15e+01  8.79e+00  1.31e+00  2.66e-01  2.14e-02  5.47e+05  8.03e+02 -1.00e+05
2002 07 07  1715   52462  62100   1.91e+01  1.28e+01  9.53e+00  1.45e+00  3.72e-01  6.65e-02  5.57e+05  8.18e+02 -1.00e+05
2002 07 07  1720   52462  62400   1.93e+01  1.25e+01  9.47e+00  1.43e+00  5.06e-01  1.54e-01  5.60e+05  8.34e+02 -1.00e+05
2002 07 07  1725   52462  62700   2.10e+01  1.26e+01  9.19e+00  1.75e+00  3.51e-01  1.58e-02  5.64e+05  8.35e+02 -1.00e+05
2002 07 07  1730   52462  63000   2.27e+01  1.49e+01  1.05e+01  1.43e+00  3.20e-01  3.95e-02  5.64e+05  8.36e+02 -1.00e+05
2002 07 07  1735   52462  63300   1.95e+01  1.31e+01  9.40e+00  1.43e+00  3.71e-01  6.12e-02  5.58e+05  8.47e+02 -1.00e+05
2002 07 07  1740   52462  63600   1.89e+01  1.32e+01  9.88e+00  1.64e+00  4.62e-01  6.29e-02  5.59e+05  8.73e+02 -1.00e+05
2002 07 07  1745   52462  63900   2.02e+01  1.33e+01  9.84e+00  1.35e+00  2.63e-01  2.14e-02  5.65e+05  8.92e+02 -1.00e+05
2002 07 07  1750   52462  64200   2.16e+01  1.38e+01  9.44e+00  1.48e+00  3.94e-01  5.90e-02  5.57e+05  9.16e+02 -1.00e+05
2002 07 07  1755   52462  64500   2.46e+01  1.54e+01  1.09e+01  1.74e+00  3.57e-01  1.58e-02  5.64e+05  8.59e+02 -1.00e+05
2002 07 07  1800   52462  64800   2.14e+01  1.39e+01  1.02e+01  1.60e+00  4.17e-01  6.66e-02  5.74e+05  9.58e+02 -1.00e+05
2002 07 07  1805   52462  65100   1.94e+01  1.24e+01  8.85e+00  1.57e+00  4.22e-01  6.72e-02  5.61e+05  8.89e+02 -1.00e+05
2002 07 07  1810   52462  65400   2.12e+01  1.35e+01  9.94e+00  1.61e+00  3.23e-01  1.58e-02  5.49e+05  8.49e+02 -1.00e+05
2002 07 07  1815   52462  65700   2.23e+01  1.50e+01  1.10e+01  1.66e+00  3.26e-01  1.58e-02  5.33e+05  8.11e+02 -1.00e+05
2002 07 07  1820   52462  66000   2.30e+01  1.54e+01  1.13e+01  1.53e+00  2.92e-01  1.58e-02  5.51e+05  8.89e+02 -1.00e+05
2002 07 07  1825   52462  66300   1.86e+01  1.28e+01  9.82e+00  2.04e+00  4.41e-01  2.61e-02  5.44e+05  8.41e+02 -1.00e+05
2002 07 07  1830   52462  66600   2.35e+01  1.68e+01  1.17e+01  1.81e+00  4.34e-01  5.76e-02  5.32e+05  7.83e+02 -1.00e+05
2002 07 07  1835   52462  66900   2.42e+01  1.82e+01  1.36e+01  1.88e+00  5.62e-01  1.09e-01  5.00e+05  7.03e+02 -1.00e+05
2002 07 07  1840   52462  67200   2.46e+01  1.76e+01  1.16e+01  1.61e+00  3.10e-01  1.58e-02  4.98e+05  6.98e+02 -1.00e+05
2002 07 07  1845   52462  67500   2.29e+01  1.74e+01  1.27e+01  1.36e+00  2.34e-01  1.59e-02  5.00e+05  7.01e+02 -1.00e+05
2002 07 07  1850   52462  67800   2.37e+01  1.73e+01  1.17e+01  1.47e+00  3.94e-01  7.30e-02  5.36e+05  8.12e+02 -1.00e+05
2002 07 07  1855   52462  68100   2.24e+01  1.58e+01  1.19e+01  1.81e+00  3.37e-01  1.58e-02  5.22e+05  7.67e+02 -1.00e+05
2002 07 07  1900   52462  68400   2.71e+01  1.85e+01  1.28e+01  1.90e+00  4.39e-01  4.37e-02  5.22e+05  7.59e+02 -1.00e+05
2002 07 07  1905   52462  68700   2.99e+01  2.00e+01  1.42e+01  2.33e+00  7.12e-01  1.38e-01  5.14e+05  7.07e+02 -1.00e+05
2002 07 07  1910   52462  69000   2.76e+01  1.99e+01  1.46e+01  1.87e+00  3.48e-01  1.58e-02  5.23e+05  7.77e+02 -1.00e+05
2002 07 07  1915   52462  69300   2.94e+01  2.05e+01  1.35e+01  1.85e+00  3.67e-01  2.62e-02  5.17e+05  7.58e+02 -1.00e+05
2002 07 07  1920   52462  69600   3.69e+01  2.36e+01  1.52e+01  1.44e+00  2.33e-01  1.59e-02  5.03e+05  7.96e+02 -1.00e+05
2002 07 07  1925   52462  69900   4.13e+01  2.85e+01  1.89e+01  2.34e+00  5.05e-01  5.75e-02  5.01e+05  7.55e+02 -1.00e+05
2002 07 07  1930   52462  70200   3.97e+01  2.78e+01  1.97e+01  1.94e+00  4.11e-01  6.66e-02  4.90e+05  7.20e+02 -1.00e+05
2002 07 07  1935   52462  70500   4.31e+01  3.28e+01  2.20e+01  2.27e+00  5.03e-01  6.44e-02  4.81e+05  6.94e+02 -1.00e+05
2002 07 07  1940   52462  70800   4.60e+01  3.31e+01  2.06e+01  1.71e+00  2.58e-01  1.59e-02  4.70e+05  6.54e+02 -1.00e+05
2002 07 07  1945   52462  71100   4.37e+01  3.08e+01  1.89e+01  2.32e+00  4.95e-01  5.76e-02  4.66e+05  6.43e+02 -1.00e+05
2002 07 07  1950   52462  71400   4.34e+01  3.11e+01  1.89e+01  2.48e+00  4.47e-01  1.57e-02  4.63e+05  6.35e+02 -1.00e+05
2002 07 07  1955   52462  71700   5.25e+01  3.72e+01  2.26e+01  2.21e+00  4.64e-01  6.66e-02  4.62e+05  6.08e+02 -1.00e+05
2002 07 07  2000   52462  72000   5.34e+01  3.50e+01  2.12e+01  1.99e+00  3.17e-01  1.58e-02  4.58e+05  5.76e+02 -1.00e+05
2002 07 07  2005   52462  72300   5.22e+01  3.52e+01  2.11e+01  2.42e+00  4.10e-01  1.57e-02  4.41e+05  5.18e+02 -1.00e+05
2002 07 07  2010   52462  72600   5.40e+01  3.60e+01  2.06e+01  2.25e+00  3.92e-01  1.57e-02  4.40e+05  5.44e+02 -1.00e+05
2002 07 07  2015   52462  72900   5.07e+01  3.03e+01  1.76e+01  2.07e+00  3.62e-01  1.58e-02  4.44e+05  5.67e+02 -1.00e+05
2002 07 07  2020   52462  73200   5.86e+01  3.46e+01  1.94e+01  1.93e+00  3.26e-01  1.58e-02  4.41e+05  5.23e+02 -1.00e+05
2002 07 07  2025   52462  73500   5.43e+01  3.18e+01  1.90e+01  2.00e+00  3.51e-01  1.58e-02  4.39e+05  5.22e+02 -1.00e+05
2002 07 07  2030   52462  73800   4.81e+01  2.78e+01  1.61e+01  1.91e+00  3.54e-01  1.58e-02  4.31e+05  5.10e+02 -1.00e+05
2002 07 07  2035   52462  74100   4.58e+01  2.56e+01  1.48e+01  1.99e+00  4.88e-01  5.76e-02  4.34e+05  5.06e+02 -1.00e+05
2002 07 07  2040   52462  74400   4.58e+01  2.58e+01  1.43e+01  1.75e+00  3.23e-01  1.58e-02  4.39e+05  5.09e+02 -1.00e+05
2002 07 07  2045   52462  74700   5.39e+01  2.80e+01  1.61e+01  2.07e+00  6.24e-01  1.40e-01  4.39e+05  5.19e+02 -1.00e+05
2002 07 07  2050   52462  75000   5.70e+01  3.02e+01  1.61e+01  1.92e+00  4.47e-01  5.76e-02  4.38e+05  5.49e+02 -1.00e+05
2002 07 07  2055   52462  75300   5.78e+01  2.81e+01  1.51e+01  1.71e+00  3.27e-01  1.58e-02  4.12e+05  4.57e+02 -1.00e+05
2002 07 07  2100   52462  75600   5.59e+01  2.70e+01  1.40e+01  1.93e+00  3.72e-01  1.58e-02  4.18e+05  4.65e+02 -1.00e+05
2002 07 07  2105   52462  75900   4.97e+01  2.32e+01  1.28e+01  1.24e+00  3.30e-01  7.25e-02  4.16e+05  4.72e+02 -1.00e+05
2002 07 07  2110   52462  76200   5.18e+01  2.42e+01  1.30e+01  1.85e+00  4.89e-01  6.29e-02  4.19e+05  5.01e+02 -1.00e+05
2002 07 07  2115   52462  76500   4.94e+01  2.31e+01  1.44e+01  2.03e+00  4.01e-01  1.57e-02  4.20e+05  4.84e+02 -1.00e+05
2002 07 07  2120   52462  76800   5.29e+01  2.46e+01  1.42e+01  1.08e+00  1.83e-01  1.59e-02  4.16e+05  4.94e+02 -1.00e+05
2002 07 07  2125   52462  77100   5.12e+01  2.39e+01  1.43e+01  1.86e+00  3.61e-01  1.58e-02  4.18e+05  4.70e+02 -1.00e+05
2002 07 07  2130   52462  77400   5.44e+01  2.75e+01  1.52e+01  1.77e+00  3.38e-01  1.58e-02  4.13e+05  4.83e+02 -1.00e+05
2002 07 07  2135   52462  77700   5.20e+01  2.59e+01  1.50e+01  1.31e+00  2.66e-01  3.96e-02  4.16e+05  5.02e+02 -1.00e+05
2002 07 07  2140   52462  78000   5.94e+01  2.92e+01  1.55e+01  1.73e+00  3.77e-01  3.95e-02  4.14e+05  4.89e+02 -1.00e+05
2002 07 07  2145   52462  78300   6.04e+01  3.04e+01  1.57e+01  1.78e+00  4.99e-01  8.36e-02  4.07e+05  4.70e+02 -1.00e+05
2002 07 07  2150   52462  78600   6.58e+01  3.08e+01  1.58e+01  1.46e+00  3.02e-01  4.38e-02  4.01e+05  4.59e+02 -1.00e+05
2002 07 07  2155   52462  78900   6.25e+01  3.15e+01  1.88e+01  1.93e+00  3.40e-01  1.58e-02  4.01e+05  4.64e+02 -1.00e+05
2002 07 07  2200   52462  79200   6.82e+01  3.51e+01  1.95e+01  1.62e+00  2.62e-01  1.59e-02  4.04e+05  4.83e+02 -1.00e+05
2002 07 07  2205   52462  79500   7.10e+01  3.57e+01  1.93e+01  2.17e+00  4.71e-01  6.12e-02  3.95e+05  4.51e+02 -1.00e+05
2002 07 07  2210   52462  79800   7.04e+01  3.14e+01  1.70e+01  1.64e+00  2.68e-01  1.59e-02  3.93e+05  4.65e+02 -1.00e+05
2002 07 07  2215   52462  80100   6.73e+01  3.18e+01  1.73e+01  2.06e+00  4.87e-01  7.56e-02  3.92e+05  4.51e+02 -1.00e+05
2002 07 07  2220   52462  80400   6.46e+01  2.97e+01  1.71e+01  1.95e+00  4.13e-01  5.25e-02  3.89e+05  4.27e+02 -1.00e+05
2002 07 07  2225   52462  80700   6.90e+01  3.33e+01  1.91e+01  1.91e+00  3.27e-01  1.58e-02  3.88e+05  4.35e+02 -1.00e+05
2002 07 07  2230   52462  81000   6.66e+01  3.10e+01  1.69e+01  1.49e+00  4.41e-01  1.16e-01  3.89e+05  4.34e+02 -1.00e+05
2002 07 07  2235   52462  81300   7.85e+01  3.75e+01  2.07e+01  1.83e+00  2.96e-01  1.58e-02  3.87e+05  4.59e+02 -1.00e+05
2002 07 07  2240   52462  81600   7.64e+01  3.55e+01  2.06e+01  1.89e+00  3.45e-01  3.50e-02  3.75e+05  4.06e+02 -1.00e+05
2002 07 07  2245   52462  81900   8.43e+01  3.87e+01  2.12e+01  1.66e+00  2.67e-01  2.14e-02  3.62e+05  3.87e+02 -1.00e+05
2002 07 07  2250   52462  82200   8.63e+01  4.15e+01  2.19e+01  1.68e+00  3.37e-01  4.86e-02  3.60e+05  4.17e+02 -1.00e+05
2002 07 07  2255   52462  82500   8.50e+01  3.92e+01  2.12e+01  1.95e+00  3.12e-01  1.58e-02  3.57e+05  3.85e+02 -1.00e+05
2002 07 07  2300   52462  82800   8.11e+01  3.57e+01  1.90e+01  2.37e+00  4.75e-01  3.94e-02  3.58e+05  3.65e+02 -1.00e+05
2002 07 07  2305   52462  83100   7.96e+01  3.50e+01  1.91e+01  2.36e+00  4.99e-01  3.94e-02  3.43e+05  3.45e+02 -1.00e+05
2002 07 07  2310   52462  83400   7.71e+01  3.53e+01  1.88e+01  2.02e+00  4.54e-01  6.99e-02  3.38e+05  3.49e+02 -1.00e+05
2002 07 07  2315   52462  83700   7.96e+01  3.45e+01  1.73e+01  2.08e+00  3.77e-01  1.58e-02  3.38e+05  3.26e+02 -1.00e+05
2002 07 07  2320   52462  84000   7.63e+01  3.37e+01  1.80e+01  2.18e+00  4.24e-01  3.04e-02  3.18e+05  3.03e+02 -1.00e+05
2002 07 07  2325   52462  84300   8.65e+01  3.78e+01  1.89e+01  2.10e+00  3.81e-01  1.58e-02  2.99e+05  2.73e+02 -1.00e+05
2002 07 07  2330   52462  84600   9.06e+01  3.42e+01  1.77e+01  2.81e+00  6.47e-01  4.35e-02  2.93e+05  2.50e+02 -1.00e+05
2002 07 07  2335   52462  84900   9.34e+01  3.54e+01  1.88e+01  2.22e+00  4.22e-01  1.57e-02  2.88e+05  2.57e+02 -1.00e+05
2002 07 07  2340   52462  85200   8.17e+01  3.21e+01  1.73e+01  1.85e+00  4.94e-01  8.36e-02  2.85e+05  2.55e+02 -1.00e+05
2002 07 07  2345   52462  85500   8.71e+01  3.33e+01  1.78e+01  1.69e+00  4.15e-01  6.92e-02  2.80e+05  2.40e+02 -1.00e+05
2002 07 07  2350   52462  85800   8.82e+01  3.37e+01  1.74e+01  1.58e+00  4.16e-01  8.31e-02  2.75e+05  2.02e+02 -1.00e+05
2002 07 07  2355   52462  86100   8.67e+01  3.15e+01  1.67e+01  1.89e+00  3.83e-01  3.04e-02  2.63e+05  1.98e+02 -1.00e+05
