:Data_list: 20020707_G10part_5m.txt
:Created: 2002 Jul 08 0015 UTC
# Prepared by the U.S. Dept. of Commerce, NOAA, Space Environment Center.
# Please send comments and suggestions to sec@sec.noaa.gov 
# 
# Label: P > 1 = Particles at >1 Mev
# Label: P > 5 = Particles at >5 Mev
# Label: P >10 = Particles at >10 Mev
# Label: P >30 = Particles at >30 Mev
# Label: P >50 = Particles at >50 Mev
# Label: P>100 = Particles at >100 Mev
# Label: E>0.6 = Electrons at >0.6 Mev
# Label: E>2.0 = Electrons at >2.0 Mev
# Label: E>4.0 = Electrons at >4.0 Mev
# Units: Particles = Protons/cm2-s-sr
# Units: Electrons = Electrons/cm2-s-sr
# Source: GOES-10
# Location: W135
# Missing data: -1.00e+05
#
#                      5-minute  GOES-10 Solar Particle and Electron Flux
#
#                 Modified Seconds
# UTC Date  Time   Julian  of the
# YR MO DA  HHMM    Day     Day     P > 1     P > 5     P >10     P >30     P >50     P>100     E>0.6     E>2.0     E>4.0
#-------------------------------------------------------------------------------------------------------------------------
2002 07 07  0000   52462      0   5.68e+00  1.59e-01  1.42e-01  1.17e-01  9.33e-02  5.08e-02  2.97e+05  1.07e+02 -1.00e+05
2002 07 07  0005   52462    300   9.73e+00  2.88e-01  2.21e-01  1.92e-01  9.49e-02  1.97e-02  3.29e+05  1.38e+02 -1.00e+05
2002 07 07  0010   52462    600   5.70e+00  1.79e-01  1.62e-01  8.46e-02  6.64e-02  5.05e-02  3.53e+05  1.67e+02 -1.00e+05
2002 07 07  0015   52462    900   5.09e+00  7.85e-02  6.16e-02  3.72e-02  2.98e-02  1.70e-02  3.39e+05  1.34e+02 -1.00e+05
2002 07 07  0020   52462   1200   4.91e+00  1.30e-01  1.13e-01  8.84e-02  8.10e-02  3.72e-02  3.44e+05  1.43e+02 -1.00e+05
2002 07 07  0025   52462   1500   7.79e+00  2.09e-01  1.65e-01  1.36e-01  1.28e-01  6.07e-02  3.79e+05  2.05e+02 -1.00e+05
2002 07 07  0030   52462   1800   1.32e+01  2.35e-01  8.48e-02  5.93e-02  5.19e-02  1.28e-02  3.56e+05  2.05e+02 -1.00e+05
2002 07 07  0035   52462   2100   5.42e+00  1.94e-01  1.77e-01  7.56e-02  5.11e-02  3.34e-02  3.34e+05  1.67e+02 -1.00e+05
2002 07 07  0040   52462   2400   3.89e+00  9.71e-02  8.01e-02  5.57e-02  4.83e-02  2.00e-02  2.68e+05  1.23e+02 -1.00e+05
2002 07 07  0045   52462   2700   4.43e+00  9.88e-02  8.18e-02  5.74e-02  5.00e-02  3.73e-02  2.93e+05  1.47e+02 -1.00e+05
2002 07 07  0050   52462   3000   4.54e+00  1.11e-01  8.93e-02  6.37e-02  4.39e-02  2.75e-02  2.67e+05  1.38e+02 -1.00e+05
2002 07 07  0055   52462   3300   5.30e+00  1.26e-01  1.09e-01  8.44e-02  7.70e-02  3.59e-02  2.82e+05  1.57e+02 -1.00e+05
2002 07 07  0100   52462   3600   6.57e+00  1.63e-01  1.46e-01  4.25e-02  2.83e-02  1.29e-02  3.14e+05  2.15e+02 -1.00e+05
2002 07 07  0105   52462   3900   7.84e+00  1.96e-01  1.79e-01  9.88e-02  9.14e-02  4.42e-02  3.51e+05  2.84e+02 -1.00e+05
2002 07 07  0110   52462   4200   7.87e+00  8.95e-02  7.25e-02  4.81e-02  4.07e-02  2.80e-02  3.66e+05  3.02e+02 -1.00e+05
2002 07 07  0115   52462   4500   1.38e+01  4.50e-01  3.66e-01  1.93e-01  1.33e-01  5.82e-02  3.67e+05  3.04e+02 -1.00e+05
2002 07 07  0120   52462   4800   1.59e+01  1.97e-01  7.33e-02  4.77e-02  4.03e-02  2.75e-02  3.78e+05  3.43e+02 -1.00e+05
2002 07 07  0125   52462   5100   8.28e+00  7.85e-02  6.16e-02  3.72e-02  2.98e-02  1.70e-02  3.79e+05  3.66e+02 -1.00e+05
2002 07 07  0130   52462   5400   7.73e+00  3.16e-01  2.99e-01  1.14e-01  7.51e-02  4.37e-02  3.99e+05  3.93e+02 -1.00e+05
2002 07 07  0135   52462   5700   7.18e+00  1.19e-01  1.02e-01  7.68e-02  4.83e-02  2.95e-02  3.95e+05  4.00e+02 -1.00e+05
2002 07 07  0140   52462   6000   6.62e+00  1.22e-01  1.05e-01  7.87e-02  4.20e-02  2.61e-02  3.69e+05  3.48e+02 -1.00e+05
2002 07 07  0145   52462   6300   6.78e+00  1.18e-01  1.01e-01  4.86e-02  4.12e-02  2.85e-02  3.87e+05  4.26e+02 -1.00e+05
2002 07 07  0150   52462   6600   5.79e+00  1.10e-01  9.27e-02  6.82e-02  5.65e-02  4.25e-02  3.84e+05  3.96e+02 -1.00e+05
2002 07 07  0155   52462   6900   1.38e+01  2.74e-01  1.08e-01  8.20e-02  5.50e-02  3.89e-02  3.72e+05  3.97e+02 -1.00e+05
2002 07 07  0200   52462   7200   5.54e+00  1.02e-01  8.49e-02  6.05e-02  5.31e-02  4.03e-02  3.79e+05  4.03e+02 -1.00e+05
2002 07 07  0205   52462   7500   9.30e+00  1.39e-01  6.30e-02  3.72e-02  2.98e-02  1.70e-02  3.85e+05  4.03e+02 -1.00e+05
2002 07 07  0210   52462   7800   5.06e+00  1.23e-01  1.06e-01  8.04e-02  5.33e-02  3.73e-02  3.46e+05  3.14e+02 -1.00e+05
2002 07 07  0215   52462   8100   4.85e+00  9.93e-02  8.24e-02  3.27e-02  2.53e-02  1.26e-02  3.56e+05  3.36e+02 -1.00e+05
2002 07 07  0220   52462   8400   8.70e+00  2.27e-01  1.46e-01  1.09e-01  8.33e-02  3.99e-02  3.61e+05  3.41e+02 -1.00e+05
2002 07 07  0225   52462   8700   1.16e+01  2.33e-01  1.11e-01  8.53e-02  7.79e-02  6.52e-02  3.82e+05  3.85e+02 -1.00e+05
2002 07 07  0230   52462   9000   6.63e+00  9.05e-02  6.80e-02  4.26e-02  3.52e-02  2.25e-02  3.98e+05  4.47e+02 -1.00e+05
2002 07 07  0235   52462   9300   5.84e+00  2.76e-01  2.59e-01  1.93e-01  1.86e-01  8.63e-02  3.94e+05  4.39e+02 -1.00e+05
2002 07 07  0240   52462   9600   6.36e+00  1.62e-01  1.44e-01  1.18e-01  8.59e-02  6.99e-02  4.19e+05  4.94e+02 -1.00e+05
2002 07 07  0245   52462   9900   6.05e+00  1.19e-01  1.02e-01  7.76e-02  7.02e-02  5.74e-02  4.13e+05  4.78e+02 -1.00e+05
2002 07 07  0250   52462  10200   9.14e+00  2.49e-01  1.31e-01  5.99e-02  5.25e-02  3.98e-02  4.02e+05  4.89e+02 -1.00e+05
2002 07 07  0255   52462  10500   8.60e+00  1.50e-01  6.29e-02  3.72e-02  2.98e-02  1.70e-02  3.96e+05  4.44e+02 -1.00e+05
2002 07 07  0300   52462  10800   4.95e+00  8.44e-02  6.74e-02  4.30e-02  3.56e-02  1.83e-02  3.71e+05  4.17e+02 -1.00e+05
2002 07 07  0305   52462  11100   5.21e+00  2.66e-01  2.49e-01  1.14e-01  8.71e-02  7.10e-02  3.75e+05  4.27e+02 -1.00e+05
2002 07 07  0310   52462  11400   8.23e+00  3.17e-01  1.92e-01  8.25e-02  7.51e-02  2.86e-02  3.79e+05  4.23e+02 -1.00e+05
2002 07 07  0315   52462  11700   5.06e+00  2.35e-01  2.18e-01  7.08e-02  4.28e-02  2.67e-02  3.80e+05  4.47e+02 -1.00e+05
2002 07 07  0320   52462  12000   4.49e+00  1.11e-01  9.36e-02  4.81e-02  4.07e-02  1.75e-02  3.72e+05  4.00e+02 -1.00e+05
2002 07 07  0325   52462  12300   5.04e+00  8.54e-02  6.26e-02  3.72e-02  2.98e-02  1.70e-02  3.71e+05  4.15e+02 -1.00e+05
2002 07 07  0330   52462  12600   4.23e+00  7.41e-02  5.71e-02  3.27e-02  2.53e-02  1.26e-02  3.65e+05  3.96e+02 -1.00e+05
2002 07 07  0335   52462  12900   4.68e+00  8.63e-02  6.94e-02  4.47e-02  3.15e-02  1.70e-02  3.59e+05  3.61e+02 -1.00e+05
2002 07 07  0340   52462  13200   4.42e+00  1.65e-01  1.48e-01  1.23e-01  9.60e-02  4.02e-02  3.51e+05  3.77e+02 -1.00e+05
2002 07 07  0345   52462  13500   4.24e+00  1.27e-01  1.10e-01  6.26e-02  5.52e-02  4.24e-02  3.57e+05  3.64e+02 -1.00e+05
2002 07 07  0350   52462  13800   1.19e+01  4.93e-01  1.48e-01  4.15e-02  2.73e-02  1.26e-02  3.58e+05  3.83e+02 -1.00e+05
2002 07 07  0355   52462  14100   4.57e+00  2.38e-01  2.21e-01  1.18e-01  1.06e-01  7.44e-02  3.59e+05  3.62e+02 -1.00e+05
2002 07 07  0400   52462  14400   4.41e+00  2.24e-01  2.07e-01  9.04e-02  5.59e-02  3.52e-02  3.58e+05  3.69e+02 -1.00e+05
2002 07 07  0405   52462  14700   4.41e+00  7.76e-02  6.06e-02  3.62e-02  2.88e-02  1.61e-02  3.55e+05  3.79e+02 -1.00e+05
2002 07 07  0410   52462  15000   7.93e+00  2.54e-01  1.17e-01  4.46e-02  3.72e-02  2.45e-02  3.41e+05  3.39e+02 -1.00e+05
2002 07 07  0415   52462  15300   4.20e+00  1.21e-01  1.04e-01  7.97e-02  7.23e-02  3.81e-02  3.38e+05  3.50e+02 -1.00e+05
2002 07 07  0420   52462  15600   7.10e+00  1.70e-01  8.31e-02  5.73e-02  4.99e-02  3.72e-02  3.38e+05  3.28e+02 -1.00e+05
2002 07 07  0425   52462  15900   4.39e+00  1.08e-01  9.09e-02  4.15e-02  3.41e-02  2.14e-02  3.38e+05  3.30e+02 -1.00e+05
2002 07 07  0430   52462  16200   3.98e+00  1.82e-01  1.65e-01  7.60e-02  6.38e-02  4.97e-02  3.34e+05  3.41e+02 -1.00e+05
2002 07 07  0435   52462  16500   9.75e+00  2.55e-01  7.64e-02  5.08e-02  3.75e-02  1.89e-02  3.24e+05  3.26e+02 -1.00e+05
2002 07 07  0440   52462  16800   3.80e+00  1.10e-01  9.31e-02  6.87e-02  6.10e-02  4.81e-02  3.18e+05  3.10e+02 -1.00e+05
2002 07 07  0445   52462  17100   3.70e+00  1.25e-01  1.08e-01  8.26e-02  4.85e-02  2.80e-02  3.14e+05  2.96e+02 -1.00e+05
2002 07 07  0450   52462  17400   3.44e+00  1.06e-01  8.89e-02  6.45e-02  5.71e-02  4.44e-02  3.14e+05  2.97e+02 -1.00e+05
2002 07 07  0455   52462  17700   3.70e+00  1.46e-01  1.29e-01  1.05e-01  9.72e-02  6.84e-02  3.05e+05  2.83e+02 -1.00e+05
2002 07 07  0500   52462  18000   3.03e+00  1.39e-01  1.22e-01  5.69e-02  4.27e-02  1.75e-02  3.06e+05  2.67e+02 -1.00e+05
2002 07 07  0505   52462  18300   3.27e+00  1.25e-01  1.08e-01  3.27e-02  2.53e-02  1.26e-02  2.99e+05  2.80e+02 -1.00e+05
2002 07 07  0510   52462  18600   3.42e+00  1.41e-01  1.24e-01  5.74e-02  5.00e-02  1.28e-02  2.94e+05  2.52e+02 -1.00e+05
2002 07 07  0515   52462  18900   2.83e+00  1.36e-01  1.19e-01  6.71e-02  5.97e-02  4.69e-02  2.91e+05  2.49e+02 -1.00e+05
2002 07 07  0520   52462  19200   3.15e+00  1.30e-01  1.10e-01  6.13e-02  5.39e-02  4.12e-02  2.83e+05  2.23e+02 -1.00e+05
2002 07 07  0525   52462  19500   2.75e+00  1.39e-01  1.22e-01  3.27e-02  2.53e-02  1.26e-02  2.79e+05  2.39e+02 -1.00e+05
2002 07 07  0530   52462  19800   2.86e+00  3.46e-01  3.29e-01  1.39e-01  1.08e-01  9.17e-02  2.76e+05  2.09e+02 -1.00e+05
2002 07 07  0535   52462  20100   2.77e+00  1.82e-01  1.59e-01  5.37e-02  3.77e-02  2.25e-02  2.69e+05  1.94e+02 -1.00e+05
2002 07 07  0540   52462  20400   2.67e+00  1.52e-01  1.35e-01  1.10e-01  1.03e-01  5.54e-02  2.70e+05  1.94e+02 -1.00e+05
2002 07 07  0545   52462  20700   2.03e+00  1.04e-01  8.68e-02  6.24e-02  5.34e-02  3.82e-02  2.48e+05  1.77e+02 -1.00e+05
2002 07 07  0550   52462  21000   2.46e+00  1.02e-01  8.51e-02  6.07e-02  5.33e-02  3.94e-02  2.32e+05  1.59e+02 -1.00e+05
2002 07 07  0555   52462  21300   2.39e+00  1.26e-01  1.09e-01  8.43e-02  7.69e-02  6.42e-02  2.29e+05  1.33e+02 -1.00e+05
2002 07 07  0600   52462  21600   1.85e+00  9.63e-02  7.94e-02  5.40e-02  2.87e-02  1.26e-02  2.07e+05  1.04e+02 -1.00e+05
2002 07 07  0605   52462  21900   4.20e+00  1.50e-01  7.45e-02  4.86e-02  4.12e-02  2.85e-02  2.14e+05  1.33e+02 -1.00e+05
2002 07 07  0610   52462  22200   4.69e+00  3.89e-01  1.72e-01  7.86e-02  7.12e-02  3.41e-02  2.26e+05  1.47e+02 -1.00e+05
2002 07 07  0615   52462  22500   3.74e+00  1.91e-01  1.05e-01  7.88e-02  7.12e-02  5.84e-02  2.07e+05  1.16e+02 -1.00e+05
2002 07 07  0620   52462  22800   2.19e+00  1.57e-01  1.40e-01  1.14e-01  8.99e-02  7.22e-02  2.40e+05  1.60e+02 -1.00e+05
2002 07 07  0625   52462  23100   3.39e+00  2.09e-01  1.43e-01  1.09e-01  1.02e-01  5.14e-02  2.43e+05  1.58e+02 -1.00e+05
2002 07 07  0630   52462  23400   2.14e+00  2.95e-01  2.73e-01  7.20e-02  4.40e-02  2.80e-02  2.23e+05  1.27e+02 -1.00e+05
2002 07 07  0635   52462  23700   1.93e+00  1.04e-01  8.74e-02  6.26e-02  4.45e-02  1.28e-02  2.50e+05  1.76e+02 -1.00e+05
2002 07 07  0640   52462  24000   5.51e+00  4.39e-01  2.36e-01  8.53e-02  5.17e-02  3.14e-02  2.60e+05  1.75e+02 -1.00e+05
2002 07 07  0645   52462  24300   2.84e+00  1.45e-01  1.25e-01  9.98e-02  7.22e-02  5.35e-02  2.56e+05  1.75e+02 -1.00e+05
2002 07 07  0650   52462  24600   2.37e+00  3.11e-01  2.94e-01  2.66e-01  1.72e-01  8.57e-02  2.49e+05  1.51e+02 -1.00e+05
2002 07 07  0655   52462  24900   2.21e+00  2.09e-01  1.92e-01  8.64e-02  5.96e-02  4.13e-02  2.41e+05  1.44e+02 -1.00e+05
2002 07 07  0700   52462  25200   4.33e+00  2.76e-01  1.42e-01  7.11e-02  6.37e-02  5.10e-02  2.42e+05  1.55e+02 -1.00e+05
2002 07 07  0705   52462  25500   2.40e+00  1.07e-01  9.01e-02  6.55e-02  5.31e-02  3.89e-02  2.41e+05  1.50e+02 -1.00e+05
2002 07 07  0710   52462  25800   1.83e+00  1.93e-01  1.76e-01  1.16e-01  1.09e-01  5.21e-02  2.08e+05  1.12e+02 -1.00e+05
2002 07 07  0715   52462  26100   2.04e+00  1.29e-01  1.12e-01  8.75e-02  8.01e-02  4.80e-02  2.04e+05  1.05e+02 -1.00e+05
2002 07 07  0720   52462  26400   1.51e+00  1.78e-01  1.61e-01  1.35e-01  8.55e-02  4.62e-02  2.13e+05  1.09e+02 -1.00e+05
2002 07 07  0725   52462  26700   4.01e+00  2.83e-01  1.57e-01  1.30e-01  6.86e-02  1.28e-02  2.25e+05  1.30e+02 -1.00e+05
2002 07 07  0730   52462  27000   3.16e+00  1.54e-01  7.79e-02  5.21e-02  4.47e-02  3.20e-02  2.35e+05  1.40e+02 -1.00e+05
2002 07 07  0735   52462  27300   1.70e+00  9.13e-02  7.44e-02  4.99e-02  4.26e-02  2.48e-02  2.41e+05  1.61e+02 -1.00e+05
2002 07 07  0740   52462  27600   2.36e+00  9.25e-02  7.14e-02  4.62e-02  3.88e-02  2.61e-02  2.60e+05  1.80e+02 -1.00e+05
2002 07 07  0745   52462  27900   4.38e+00  6.06e-01  3.15e-01  4.65e-02  2.84e-02  1.26e-02  2.46e+05  1.55e+02 -1.00e+05
2002 07 07  0750   52462  28200   2.60e+00  1.49e-01  1.32e-01  8.54e-02  7.80e-02  6.52e-02  2.58e+05  1.88e+02 -1.00e+05
2002 07 07  0755   52462  28500   2.07e+00  1.44e-01  1.27e-01  5.57e-02  4.83e-02  2.00e-02  2.55e+05  1.68e+02 -1.00e+05
2002 07 07  0800   52462  28800   2.42e+00  9.01e-02  7.32e-02  4.88e-02  4.14e-02  1.28e-02  2.67e+05  2.04e+02 -1.00e+05
2002 07 07  0805   52462  29100   4.38e+00  5.11e-01  2.49e-01  8.20e-02  7.46e-02  6.19e-02  2.70e+05  1.94e+02 -1.00e+05
2002 07 07  0810   52462  29400   2.46e+00  1.34e-01  1.17e-01  6.58e-02  5.85e-02  4.57e-02  2.68e+05  2.05e+02 -1.00e+05
2002 07 07  0815   52462  29700   4.33e+00  3.08e-01  1.08e-01  3.27e-02  2.53e-02  1.26e-02  2.83e+05  2.18e+02 -1.00e+05
2002 07 07  0820   52462  30000   2.58e+00  1.29e-01  1.12e-01  8.79e-02  8.05e-02  6.78e-02  2.84e+05  2.13e+02 -1.00e+05
2002 07 07  0825   52462  30300   2.25e+00  1.50e-01  1.33e-01  1.07e-01  8.18e-02  6.57e-02  2.82e+05  2.18e+02 -1.00e+05
2002 07 07  0830   52462  30600   2.28e+00  2.88e-01  2.71e-01  2.44e-01  1.41e-01  4.47e-02  2.92e+05  2.33e+02 -1.00e+05
2002 07 07  0835   52462  30900   4.12e+00  2.89e-01  1.70e-01  9.41e-02  8.67e-02  7.39e-02  2.97e+05  2.32e+02 -1.00e+05
2002 07 07  0840   52462  31200   2.22e+00  9.63e-02  7.59e-02  5.08e-02  4.35e-02  3.07e-02  2.82e+05  2.09e+02 -1.00e+05
2002 07 07  0845   52462  31500   2.08e+00  1.20e-01  1.03e-01  5.56e-02  4.82e-02  3.42e-02  2.87e+05  2.20e+02 -1.00e+05
2002 07 07  0850   52462  31800   2.49e+00  2.64e-01  2.43e-01  7.11e-02  4.51e-02  2.70e-02  2.76e+05  2.19e+02 -1.00e+05
2002 07 07  0855   52462  32100   4.38e+00  2.61e-01  9.55e-02  6.93e-02  4.25e-02  2.30e-02  2.71e+05  2.08e+02 -1.00e+05
2002 07 07  0900   52462  32400   2.25e+00  1.50e-01  1.33e-01  6.26e-02  5.52e-02  4.24e-02  2.60e+05  2.10e+02 -1.00e+05
2002 07 07  0905   52462  32700   2.34e+00  1.04e-01  8.75e-02  6.31e-02  5.57e-02  4.30e-02  2.86e+05  2.34e+02 -1.00e+05
2002 07 07  0910   52462  33000   3.12e+00  1.96e-01  1.29e-01  1.02e-01  5.92e-02  2.00e-02  2.72e+05  2.13e+02 -1.00e+05
2002 07 07  0915   52462  33300   4.00e+00  2.24e-01  1.01e-01  7.50e-02  6.76e-02  5.49e-02  2.72e+05  2.03e+02 -1.00e+05
2002 07 07  0920   52462  33600   3.91e+00  2.07e-01  7.02e-02  4.46e-02  3.72e-02  2.45e-02  2.66e+05  2.02e+02 -1.00e+05
2002 07 07  0925   52462  33900   1.66e+00  1.65e-01  1.48e-01  7.75e-02  7.01e-02  5.74e-02  2.66e+05  1.86e+02 -1.00e+05
2002 07 07  0930   52462  34200   1.32e+00  9.93e-02  8.24e-02  3.27e-02  2.53e-02  1.26e-02  2.53e+05  1.66e+02 -1.00e+05
2002 07 07  0935   52462  34500   2.62e+00  2.87e-01  1.47e-01  6.83e-02  6.09e-02  4.81e-02  2.50e+05  1.60e+02 -1.00e+05
2002 07 07  0940   52462  34800   1.73e+00  2.10e-01  1.35e-01  1.09e-01  7.92e-02  6.00e-02  2.34e+05  1.62e+02 -1.00e+05
2002 07 07  0945   52462  35100   1.24e+00  9.65e-02  7.96e-02  5.52e-02  4.78e-02  1.28e-02  2.26e+05  1.29e+02 -1.00e+05
2002 07 07  0950   52462  35400   1.03e+00  1.22e-01  1.05e-01  8.07e-02  7.34e-02  6.06e-02  2.19e+05  1.25e+02 -1.00e+05
2002 07 07  0955   52462  35700   1.89e+00  1.87e-01  1.18e-01  9.17e-02  7.25e-02  4.71e-02  2.17e+05  1.33e+02 -1.00e+05
2002 07 07  1000   52462  36000   1.65e+00  2.10e-01  1.36e-01  1.09e-01  7.92e-02  6.31e-02  2.07e+05  1.14e+02 -1.00e+05
2002 07 07  1005   52462  36300   2.11e+00  4.39e-01  1.56e-01  8.52e-02  7.78e-02  6.50e-02  2.00e+05  1.02e+02 -1.00e+05
2002 07 07  1010   52462  36600   1.24e+00  1.48e-01  1.31e-01  6.07e-02  5.33e-02  4.06e-02  2.00e+05  1.10e+02 -1.00e+05
2002 07 07  1015   52462  36900   8.96e-01  1.31e-01  1.14e-01  8.99e-02  8.25e-02  6.98e-02  2.06e+05  1.02e+02 -1.00e+05
2002 07 07  1020   52462  37200   6.62e-01  1.91e-01  1.74e-01  1.48e-01  9.35e-02  2.86e-02  2.05e+05  1.03e+02 -1.00e+05
2002 07 07  1025   52462  37500   1.04e+00  1.31e-01  1.14e-01  4.26e-02  3.52e-02  2.25e-02  2.08e+05  1.04e+02 -1.00e+05
2002 07 07  1030   52462  37800   8.54e-01  2.02e-01  1.85e-01  1.60e-01  1.34e-01  6.18e-02  2.10e+05  1.04e+02 -1.00e+05
2002 07 07  1035   52462  38100   9.59e-01  1.22e-01  1.05e-01  8.10e-02  7.36e-02  6.08e-02  2.14e+05  1.13e+02 -1.00e+05
2002 07 07  1040   52462  38400   1.46e+00  3.30e-01  3.13e-01  6.16e-02  2.86e-02  1.26e-02  2.24e+05  1.17e+02 -1.00e+05
2002 07 07  1045   52462  38700   2.45e+00  2.57e-01  1.21e-01  9.39e-02  6.29e-02  4.69e-02  2.25e+05  1.25e+02 -1.00e+05
2002 07 07  1050   52462  39000   1.69e+00  1.62e-01  8.66e-02  6.05e-02  4.66e-02  3.20e-02  2.31e+05  1.32e+02 -1.00e+05
2002 07 07  1055   52462  39300   1.34e+00  1.54e-01  1.37e-01  6.05e-02  5.20e-02  3.89e-02  2.38e+05  1.42e+02 -1.00e+05
2002 07 07  1100   52462  39600   1.11e+00  1.13e-01  9.56e-02  4.26e-02  3.52e-02  2.25e-02  2.42e+05  1.51e+02 -1.00e+05
2002 07 07  1105   52462  39900   1.23e+00  9.35e-02  7.65e-02  5.21e-02  4.47e-02  3.20e-02  2.48e+05  1.46e+02 -1.00e+05
2002 07 07  1110   52462  40200   3.10e+00  2.22e-01  9.78e-02  7.16e-02  5.02e-02  3.34e-02  2.43e+05  1.57e+02 -1.00e+05
2002 07 07  1115   52462  40500   3.61e+00  3.05e-01  8.45e-02  5.93e-02  5.19e-02  3.91e-02  2.51e+05  1.62e+02 -1.00e+05
2002 07 07  1120   52462  40800   1.19e+00  1.44e-01  1.27e-01  4.65e-02  2.84e-02  1.26e-02  2.51e+05  1.63e+02 -1.00e+05
2002 07 07  1125   52462  41100   1.24e+00  9.88e-02  8.18e-02  5.74e-02  5.00e-02  3.73e-02  2.55e+05  1.55e+02 -1.00e+05
2002 07 07  1130   52462  41400   1.51e+00  1.69e-01  8.36e-02  5.78e-02  5.05e-02  3.77e-02  2.53e+05  1.63e+02 -1.00e+05
2002 07 07  1135   52462  41700   8.55e-01  8.95e-02  7.25e-02  4.81e-02  4.07e-02  2.80e-02  2.50e+05  1.78e+02 -1.00e+05
2002 07 07  1140   52462  42000   8.79e-01  1.16e-01  9.88e-02  4.87e-02  4.13e-02  2.01e-02  2.41e+05  1.62e+02 -1.00e+05
2002 07 07  1145   52462  42300   1.13e+00  1.14e-01  9.69e-02  7.20e-02  5.26e-02  3.64e-02  2.41e+05  1.44e+02 -1.00e+05
2002 07 07  1150   52462  42600   1.08e+00  8.40e-02  6.70e-02  4.26e-02  3.52e-02  2.25e-02  2.42e+05  1.58e+02 -1.00e+05
2002 07 07  1155   52462  42900   9.41e-01  1.27e-01  1.10e-01  8.51e-02  7.77e-02  6.50e-02  2.57e+05  1.72e+02 -1.00e+05
2002 07 07  1200   52462  43200   2.92e+00  3.98e-01  1.33e-01  5.90e-02  5.16e-02  3.89e-02  2.68e+05  1.82e+02 -1.00e+05
2002 07 07  1205   52462  43500   1.66e+00  1.24e-01  1.07e-01  5.74e-02  4.86e-02  2.80e-02  2.81e+05  2.06e+02 -1.00e+05
2002 07 07  1210   52462  43800   1.79e+00  2.76e-01  2.55e-01  8.47e-02  5.50e-02  3.89e-02  2.91e+05  2.12e+02 -1.00e+05
2002 07 07  1215   52462  44100   1.61e+00  1.19e-01  1.02e-01  7.77e-02  7.03e-02  5.76e-02  2.91e+05  2.07e+02 -1.00e+05
2002 07 07  1220   52462  44400   2.98e+00  3.63e-01  2.44e-01  8.70e-02  6.03e-02  4.43e-02  3.07e+05  2.35e+02 -1.00e+05
2002 07 07  1225   52462  44700   3.09e+00  2.03e-01  1.28e-01  1.02e-01  9.45e-02  6.37e-02  3.18e+05  2.42e+02 -1.00e+05
2002 07 07  1230   52462  45000   1.38e+00  1.19e-01  1.02e-01  5.43e-02  4.69e-02  3.42e-02  3.22e+05  2.54e+02 -1.00e+05
2002 07 07  1235   52462  45300   1.63e+00  1.76e-01  1.59e-01  5.26e-02  4.17e-02  2.80e-02  3.38e+05  2.73e+02 -1.00e+05
2002 07 07  1240   52462  45600   1.82e+00  1.77e-01  1.60e-01  1.35e-01  1.12e-01  5.44e-02  3.38e+05  2.65e+02 -1.00e+05
2002 07 07  1245   52462  45900   1.68e+00  1.13e-01  9.59e-02  7.06e-02  4.53e-02  2.92e-02  3.38e+05  2.86e+02 -1.00e+05
2002 07 07  1250   52462  46200   2.05e+00  1.08e-01  9.12e-02  6.68e-02  5.94e-02  4.67e-02  3.38e+05  2.76e+02 -1.00e+05
2002 07 07  1255   52462  46500   1.74e+00  9.22e-02  7.53e-02  5.08e-02  4.35e-02  3.07e-02  3.38e+05  2.68e+02 -1.00e+05
2002 07 07  1300   52462  46800   2.70e+00  1.75e-01  9.85e-02  7.11e-02  3.85e-02  2.25e-02  3.38e+05  2.91e+02 -1.00e+05
2002 07 07  1305   52462  47100   1.47e+00  1.28e-01  1.11e-01  8.41e-02  4.24e-02  2.67e-02  3.51e+05  3.10e+02 -1.00e+05
2002 07 07  1310   52462  47400   2.76e+00  2.67e-01  8.64e-02  5.97e-02  2.86e-02  1.26e-02  3.65e+05  3.22e+02 -1.00e+05
2002 07 07  1315   52462  47700   1.58e+00  2.47e-01  2.30e-01  2.04e-01  1.11e-01  1.98e-02  3.79e+05  3.54e+02 -1.00e+05
2002 07 07  1320   52462  48000   1.29e+00  1.16e-01  9.94e-02  4.71e-02  3.97e-02  2.70e-02  3.79e+05  3.60e+02 -1.00e+05
2002 07 07  1325   52462  48300   2.49e+00  3.19e-01  2.46e-01  1.30e-01  1.10e-01  6.18e-02  3.83e+05  3.66e+02 -1.00e+05
2002 07 07  1330   52462  48600   2.02e+00  9.00e-01  8.83e-01  4.00e-01  2.08e-01  4.67e-02  3.93e+05  3.68e+02 -1.00e+05
2002 07 07  1335   52462  48900   3.66e+00  6.52e-01  4.26e-01  1.75e-01  1.11e-01  4.83e-02  4.00e+05  4.15e+02 -1.00e+05
2002 07 07  1340   52462  49200   1.81e+00  4.65e-01  4.48e-01  8.72e-02  4.69e-02  3.12e-02  4.19e+05  4.41e+02 -1.00e+05
2002 07 07  1345   52462  49500   1.68e+00  1.51e-01  1.34e-01  1.09e-01  7.32e-02  5.23e-02  4.21e+05  4.32e+02 -1.00e+05
2002 07 07  1350   52462  49800   1.60e+00  1.89e-01  1.72e-01  1.46e-01  1.00e-01  5.64e-02  4.21e+05  4.49e+02 -1.00e+05
2002 07 07  1355   52462  50100   3.28e+00  3.48e-01  2.42e-01  2.13e-01  9.51e-02  1.28e-02  4.04e+05  4.43e+02 -1.00e+05
2002 07 07  1400   52462  50400   3.73e+00  6.79e-01  5.13e-01  1.18e-01  7.40e-02  3.72e-02  4.11e+05  4.29e+02 -1.00e+05
2002 07 07  1405   52462  50700   1.77e+00  5.95e-01  5.78e-01  2.65e-01  9.36e-02  1.28e-02  4.21e+05  4.49e+02 -1.00e+05
2002 07 07  1410   52462  51000   1.98e+00  3.83e-01  3.66e-01  3.35e-01  1.66e-01  5.25e-02  4.21e+05  4.84e+02 -1.00e+05
2002 07 07  1415   52462  51300   2.15e+00  8.24e-01  8.07e-01  4.67e-01  2.27e-01  5.56e-02  4.29e+05  4.73e+02 -1.00e+05
2002 07 07  1420   52462  51600   2.81e+00  9.93e-01  9.77e-01  3.53e-01  1.24e-01  1.28e-02  4.41e+05  4.88e+02 -1.00e+05
2002 07 07  1425   52462  51900   3.24e+00  6.85e-01  5.84e-01  5.51e-01  3.20e-01  1.02e-01  4.52e+05  5.41e+02 -1.00e+05
2002 07 07  1430   52462  52200   5.91e+00  1.85e+00  1.48e+00  2.95e-01  1.11e-01  3.52e-02  4.73e+05  6.11e+02 -1.00e+05
2002 07 07  1435   52462  52500   4.80e+00  1.32e+00  9.71e-01  4.42e-01  1.63e-01  1.98e-02  4.82e+05  6.15e+02 -1.00e+05
2002 07 07  1440   52462  52800   6.11e+00  1.91e+00  1.45e+00  6.34e-01  3.70e-01  1.47e-01  4.84e+05  6.63e+02 -1.00e+05
2002 07 07  1445   52462  53100   3.91e+00  1.19e+00  1.06e+00  5.08e-01  2.09e-01  4.43e-02  4.96e+05  6.94e+02 -1.00e+05
2002 07 07  1450   52462  53400   3.51e+00  1.37e+00  1.33e+00  4.78e-01  1.95e-01  5.81e-02  4.85e+05  6.38e+02 -1.00e+05
2002 07 07  1455   52462  53700   3.48e+00  1.70e+00  1.68e+00  4.85e-01  2.31e-01  9.30e-02  4.83e+05  6.41e+02 -1.00e+05
2002 07 07  1500   52462  54000   6.41e+00  2.68e+00  2.11e+00  3.77e-01  1.32e-01  3.75e-02  4.83e+05  6.28e+02 -1.00e+05
2002 07 07  1505   52462  54300   5.07e+00  2.05e+00  1.88e+00  5.58e-01  2.50e-01  9.61e-02  4.82e+05  6.10e+02 -1.00e+05
2002 07 07  1510   52462  54600   7.09e+00  2.97e+00  2.52e+00  8.50e-01  3.79e-01  1.04e-01  4.82e+05  5.76e+02 -1.00e+05
2002 07 07  1515   52462  54900   4.90e+00  2.15e+00  2.09e+00  8.80e-01  3.60e-01  7.89e-02  4.91e+05  6.15e+02 -1.00e+05
2002 07 07  1520   52462  55200   9.64e+00  5.28e+00  3.95e+00  7.41e-01  2.64e-01  5.72e-02  4.95e+05  6.19e+02 -1.00e+05
2002 07 07  1525   52462  55500   7.20e+00  4.01e+00  3.13e+00  1.05e+00  3.16e-01  4.68e-02  4.99e+05  6.06e+02 -1.00e+05
2002 07 07  1530   52462  55800   1.05e+01  5.75e+00  5.00e+00  1.01e+00  2.68e-01  2.88e-02  4.84e+05  5.79e+02 -1.00e+05
2002 07 07  1535   52462  56100   1.05e+01  6.19e+00  4.87e+00  1.19e+00  3.54e-01  4.44e-02  4.86e+05  5.67e+02 -1.00e+05
2002 07 07  1540   52462  56400   1.53e+01  5.04e+00  3.55e+00  8.41e-01  2.83e-01  4.95e-02  4.96e+05  5.93e+02 -1.00e+05
2002 07 07  1545   52462  56700   3.14e+01  4.99e+00  3.66e+00  1.07e+00  2.56e-01  1.27e-02  5.01e+05  5.88e+02 -1.00e+05
2002 07 07  1550   52462  57000   2.88e+01  1.78e+00  1.33e+00  1.28e+00  5.05e-01  9.93e-02  5.06e+05  6.10e+02 -1.00e+05
2002 07 07  1555   52462  57300   3.83e+01  4.99e+00  3.55e+00  1.10e+00  3.65e-01  6.18e-02  5.27e+05  6.47e+02 -1.00e+05
2002 07 07  1600   52462  57600   4.69e+01  4.74e+00  3.60e+00  8.15e-01  2.76e-01  5.45e-02  5.52e+05  7.31e+02 -1.00e+05
2002 07 07  1605   52462  57900   4.19e+01  4.99e+00  3.93e+00  8.29e-01  1.99e-01  1.28e-02  5.77e+05  7.99e+02 -1.00e+05
2002 07 07  1610   52462  58200   3.10e+01  3.99e+00  3.22e+00  9.91e-01  3.46e-01  5.29e-02  6.01e+05  8.47e+02 -1.00e+05
2002 07 07  1615   52462  58500   2.49e+01  3.15e+00  2.50e+00  5.67e-01  1.51e-01  1.28e-02  6.19e+05  9.02e+02 -1.00e+05
2002 07 07  1620   52462  58800   2.28e+01  3.41e+00  2.71e+00  6.39e-01  1.83e-01  1.98e-02  6.48e+05  1.06e+03 -1.00e+05
2002 07 07  1625   52462  59100   1.90e+01  1.06e+00  7.73e-01  6.59e-01  3.07e-01  6.06e-02  6.77e+05  1.19e+03 -1.00e+05
2002 07 07  1630   52462  59400   1.94e+01  1.51e+00  1.06e+00  4.60e-01  1.58e-01  1.98e-02  6.84e+05  1.26e+03 -1.00e+05
2002 07 07  1635   52462  59700   1.16e+01  1.70e+00  1.43e+00  4.99e-01  2.29e-01  5.40e-02  6.96e+05  1.31e+03 -1.00e+05
2002 07 07  1640   52462  60000   1.53e+01  2.88e+00  2.11e+00  5.23e-01  1.47e-01  1.98e-02  6.78e+05  1.24e+03 -1.00e+05
2002 07 07  1645   52462  60300   1.12e+01  2.25e+00  1.84e+00  6.96e-01  2.84e-01  8.55e-02  7.15e+05  1.37e+03 -1.00e+05
2002 07 07  1650   52462  60600   1.09e+01  9.70e-01  7.32e-01  6.88e-01  2.35e-01  2.88e-02  7.18e+05  1.40e+03 -1.00e+05
2002 07 07  1655   52462  60900   5.39e+00  1.65e+00  1.64e+00  7.05e-01  2.60e-01  4.93e-02  7.19e+05  1.43e+03 -1.00e+05
2002 07 07  1700   52462  61200   8.47e+00  2.70e+00  2.43e+00  5.45e-01  1.45e-01  1.28e-02  7.21e+05  1.45e+03 -1.00e+05
2002 07 07  1705   52462  61500   9.50e+00  1.11e+00  9.33e-01  8.85e-01  3.62e-01  6.88e-02  7.24e+05  1.50e+03 -1.00e+05
2002 07 07  1710   52462  61800   1.10e+01  2.12e+00  1.60e+00  5.05e-01  1.39e-01  1.28e-02  7.59e+05  1.54e+03 -1.00e+05
2002 07 07  1715   52462  62100   1.25e+01  2.74e+00  2.18e+00  9.09e-01  3.50e-01  5.51e-02  7.59e+05  1.64e+03 -1.00e+05
2002 07 07  1720   52462  62400   1.20e+01  3.10e+00  2.24e+00  4.93e-01  1.28e-01  1.28e-02  7.62e+05  1.65e+03 -1.00e+05
2002 07 07  1725   52462  62700   5.46e+00  2.33e+00  2.31e+00  5.73e-01  1.57e-01  1.28e-02  7.59e+05  1.66e+03 -1.00e+05
2002 07 07  1730   52462  63000   1.22e+01  3.40e+00  2.57e+00  8.96e-01  3.33e-01  5.58e-02  7.59e+05  1.66e+03 -1.00e+05
2002 07 07  1735   52462  63300   9.02e+00  2.44e+00  2.25e+00  5.64e-01  2.09e-01  5.18e-02  7.94e+05  1.76e+03 -1.00e+05
2002 07 07  1740   52462  63600   1.21e+01  2.95e+00  2.52e+00  8.46e-01  3.04e-01  4.68e-02  8.00e+05  1.82e+03 -1.00e+05
2002 07 07  1745   52462  63900   8.38e+00  2.11e+00  1.90e+00  6.13e-01  1.67e-01  1.28e-02  8.00e+05  1.85e+03 -1.00e+05
2002 07 07  1750   52462  64200   1.44e+01  2.92e+00  2.14e+00  6.85e-01  2.02e-01  1.28e-02  8.00e+05  1.95e+03 -1.00e+05
2002 07 07  1755   52462  64500   1.19e+01  2.85e+00  2.37e+00  4.83e-01  1.33e-01  1.28e-02  8.35e+05  2.06e+03 -1.00e+05
2002 07 07  1800   52462  64800   6.17e+00  1.64e+00  1.62e+00  4.93e-01  1.65e-01  3.77e-02  8.41e+05  2.02e+03 -1.00e+05
2002 07 07  1805   52462  65100   4.77e+00  8.00e-01  7.83e-01  7.40e-01  3.07e-01  5.98e-02  8.18e+05  1.95e+03 -1.00e+05
2002 07 07  1810   52462  65400   1.09e+01  2.71e+00  2.16e+00  7.15e-01  2.72e-01  4.75e-02  8.00e+05  1.94e+03 -1.00e+05
2002 07 07  1815   52462  65700   9.91e+00  2.26e+00  1.98e+00  7.00e-01  2.16e-01  2.88e-02  8.40e+05  2.07e+03 -1.00e+05
2002 07 07  1820   52462  66000   1.37e+01  2.57e+00  1.97e+00  7.44e-01  2.37e-01  1.97e-02  8.13e+05  2.03e+03 -1.00e+05
2002 07 07  1825   52462  66300   1.13e+01  3.32e+00  2.95e+00  7.86e-01  2.15e-01  1.27e-02  8.01e+05  1.99e+03 -1.00e+05
2002 07 07  1830   52462  66600   8.85e+00  2.24e+00  2.10e+00  9.39e-01  2.64e-01  1.27e-02  8.10e+05  2.00e+03 -1.00e+05
2002 07 07  1835   52462  66900   1.05e+01  2.50e+00  2.20e+00  7.95e-01  2.43e-01  2.88e-02  8.00e+05  1.88e+03 -1.00e+05
2002 07 07  1840   52462  67200   1.13e+01  2.34e+00  1.86e+00  6.03e-01  1.75e-01  1.83e-02  8.00e+05  1.90e+03 -1.00e+05
2002 07 07  1845   52462  67500   1.22e+01  3.10e+00  2.60e+00  8.64e-01  2.24e-01  1.27e-02  8.00e+05  1.86e+03 -1.00e+05
2002 07 07  1850   52462  67800   1.34e+01  3.10e+00  2.50e+00  6.95e-01  1.87e-01  1.28e-02  8.00e+05  1.88e+03 -1.00e+05
2002 07 07  1855   52462  68100   1.60e+01  3.46e+00  2.80e+00  7.53e-01  1.93e-01  1.28e-02  8.00e+05  1.92e+03 -1.00e+05
2002 07 07  1900   52462  68400   1.65e+01  4.53e+00  3.76e+00  9.66e-01  2.97e-01  4.44e-02  8.18e+05  1.95e+03 -1.00e+05
2002 07 07  1905   52462  68700   1.51e+01  4.00e+00  3.09e+00  8.52e-01  2.34e-01  1.97e-02  8.00e+05  1.90e+03 -1.00e+05
2002 07 07  1910   52462  69000   1.41e+01  3.94e+00  3.17e+00  1.07e+00  2.73e-01  1.27e-02  8.00e+05  1.90e+03 -1.00e+05
2002 07 07  1915   52462  69300   1.23e+01  4.38e+00  4.03e+00  1.08e+00  2.83e-01  1.82e-02  8.30e+05  2.08e+03 -1.00e+05
2002 07 07  1920   52462  69600   1.93e+01  5.67e+00  4.68e+00  1.47e+00  4.42e-01  3.77e-02  8.41e+05  2.27e+03 -1.00e+05
2002 07 07  1925   52462  69900   1.98e+01  6.10e+00  5.09e+00  1.37e+00  3.21e-01  1.26e-02  8.41e+05  2.28e+03 -1.00e+05
2002 07 07  1930   52462  70200   9.36e+00  4.86e+00  4.85e+00  1.63e+00  4.61e-01  3.56e-02  8.41e+05  2.24e+03 -1.00e+05
2002 07 07  1935   52462  70500   1.82e+01  5.62e+00  4.64e+00  1.53e+00  3.57e-01  1.26e-02  8.41e+05  2.24e+03 -1.00e+05
2002 07 07  1940   52462  70800   1.96e+01  5.50e+00  4.40e+00  1.58e+00  3.79e-01  1.26e-02  8.41e+05  2.26e+03 -1.00e+05
2002 07 07  1945   52462  71100   1.73e+01  5.89e+00  5.13e+00  1.75e+00  4.11e-01  1.26e-02  8.41e+05  2.27e+03 -1.00e+05
2002 07 07  1950   52462  71400   2.22e+01  9.17e+00  7.78e+00  1.73e+00  4.26e-01  2.68e-02  8.42e+05  2.23e+03 -1.00e+05
2002 07 07  1955   52462  71700   2.12e+01  7.69e+00  6.81e+00  1.72e+00  3.86e-01  1.26e-02  8.41e+05  2.21e+03 -1.00e+05
2002 07 07  2000   52462  72000   1.76e+01  5.67e+00  5.04e+00  1.74e+00  5.35e-01  6.58e-02  8.41e+05  2.23e+03 -1.00e+05
2002 07 07  2005   52462  72300   2.14e+01  7.24e+00  5.73e+00  1.68e+00  3.73e-01  1.26e-02  8.41e+05  2.05e+03 -1.00e+05
2002 07 07  2010   52462  72600   2.52e+01  8.74e+00  7.08e+00  1.77e+00  4.04e-01  1.96e-02  8.41e+05  2.07e+03 -1.00e+05
2002 07 07  2015   52462  72900   2.51e+01  7.40e+00  5.77e+00  1.62e+00  4.08e-01  2.86e-02  8.41e+05  2.10e+03 -1.00e+05
2002 07 07  2020   52462  73200   2.29e+01  7.20e+00  5.96e+00  1.51e+00  3.35e-01  1.26e-02  8.41e+05  2.19e+03 -1.00e+05
2002 07 07  2025   52462  73500   2.58e+01  8.23e+00  6.20e+00  1.23e+00  2.79e-01  1.27e-02  8.65e+05  2.25e+03 -1.00e+05
2002 07 07  2030   52462  73800   2.16e+01  6.84e+00  5.35e+00  8.73e-01  1.85e-01  1.28e-02  8.55e+05  2.27e+03 -1.00e+05
2002 07 07  2035   52462  74100   2.42e+01  5.98e+00  4.30e+00  9.83e-01  2.77e-01  4.68e-02  8.47e+05  2.20e+03 -1.00e+05
2002 07 07  2040   52462  74400   2.37e+01  5.27e+00  3.70e+00  9.84e-01  2.24e-01  1.27e-02  8.47e+05  2.25e+03 -1.00e+05
2002 07 07  2045   52462  74700   1.97e+01  5.85e+00  4.84e+00  1.34e+00  3.96e-01  5.58e-02  8.48e+05  2.22e+03 -1.00e+05
2002 07 07  2050   52462  75000   2.28e+01  6.42e+00  5.02e+00  1.16e+00  3.55e-01  4.97e-02  8.41e+05  2.20e+03 -1.00e+05
2002 07 07  2055   52462  75300   1.91e+01  6.11e+00  4.70e+00  1.15e+00  2.68e-01  1.27e-02  8.33e+05  2.06e+03 -1.00e+05
2002 07 07  2100   52462  75600   1.97e+01  5.72e+00  4.23e+00  7.96e-01  1.97e-01  1.97e-02  8.41e+05  2.11e+03 -1.00e+05
2002 07 07  2105   52462  75900   1.63e+01  3.96e+00  3.35e+00  9.70e-01  3.53e-01  6.63e-02  8.45e+05  2.25e+03 -1.00e+05
2002 07 07  2110   52462  76200   1.99e+01  4.32e+00  3.09e+00  9.29e-01  2.16e-01  1.27e-02  8.44e+05  2.33e+03 -1.00e+05
2002 07 07  2115   52462  76500   2.27e+01  6.60e+00  5.13e+00  1.08e+00  2.56e-01  1.27e-02  8.47e+05  2.40e+03 -1.00e+05
2002 07 07  2120   52462  76800   2.06e+01  4.57e+00  3.53e+00  9.96e-01  2.17e-01  1.27e-02  8.41e+05  2.30e+03 -1.00e+05
2002 07 07  2125   52462  77100   2.31e+01  6.04e+00  4.22e+00  1.01e+00  2.56e-01  1.27e-02  8.41e+05  2.27e+03 -1.00e+05
2002 07 07  2130   52462  77400   1.99e+01  5.24e+00  4.04e+00  1.04e+00  2.62e-01  1.27e-02  8.41e+05  2.31e+03 -1.00e+05
2002 07 07  2135   52462  77700   2.37e+01  4.58e+00  3.18e+00  8.37e-01  1.99e-01  1.28e-02  8.41e+05  2.27e+03 -1.00e+05
2002 07 07  2140   52462  78000   1.61e+01  4.39e+00  3.70e+00  1.13e+00  3.87e-01  4.68e-02  8.41e+05  2.33e+03 -1.00e+05
2002 07 07  2145   52462  78300   2.11e+01  5.09e+00  4.09e+00  1.13e+00  4.16e-01  8.88e-02  8.41e+05  2.30e+03 -1.00e+05
2002 07 07  2150   52462  78600   2.22e+01  6.01e+00  4.55e+00  1.15e+00  3.44e-01  4.68e-02  8.41e+05  2.27e+03 -1.00e+05
2002 07 07  2155   52462  78900   2.60e+01  7.17e+00  5.39e+00  1.34e+00  3.96e-01  5.58e-02  8.41e+05  2.31e+03 -1.00e+05
2002 07 07  2200   52462  79200   1.88e+01  3.33e+00  2.57e+00  1.07e+00  2.62e-01  1.27e-02  8.41e+05  2.38e+03 -1.00e+05
2002 07 07  2205   52462  79500   2.50e+01  6.18e+00  3.94e+00  9.06e-01  2.43e-01  3.57e-02  8.41e+05  2.25e+03 -1.00e+05
2002 07 07  2210   52462  79800   2.15e+01  4.47e+00  3.26e+00  8.51e-01  1.86e-01  1.28e-02  8.41e+05  2.28e+03 -1.00e+05
2002 07 07  2215   52462  80100   2.35e+01  6.02e+00  4.58e+00  1.22e+00  3.06e-01  1.96e-02  8.41e+05  2.28e+03 -1.00e+05
2002 07 07  2220   52462  80400   2.01e+01  6.20e+00  5.28e+00  1.07e+00  2.42e-01  1.27e-02  8.41e+05  2.33e+03 -1.00e+05
2002 07 07  2225   52462  80700   2.21e+01  5.61e+00  4.28e+00  1.06e+00  3.05e-01  4.68e-02  8.41e+05  2.34e+03 -1.00e+05
2002 07 07  2230   52462  81000   2.19e+01  5.91e+00  4.80e+00  1.39e+00  4.65e-01  5.52e-02  8.41e+05  2.37e+03 -1.00e+05
2002 07 07  2235   52462  81300   1.83e+01  6.04e+00  5.23e+00  1.36e+00  3.44e-01  1.26e-02  8.41e+05  2.31e+03 -1.00e+05
2002 07 07  2240   52462  81600   1.89e+01  5.95e+00  4.81e+00  1.39e+00  3.24e-01  1.26e-02  8.24e+05  2.28e+03 -1.00e+05
2002 07 07  2245   52462  81900   1.95e+01  5.64e+00  4.63e+00  1.38e+00  3.63e-01  2.87e-02  8.21e+05  2.28e+03 -1.00e+05
2002 07 07  2250   52462  82200   1.91e+01  5.44e+00  4.58e+00  1.38e+00  4.16e-01  5.58e-02  8.20e+05  2.32e+03 -1.00e+05
2002 07 07  2255   52462  82500   2.42e+01  7.00e+00  5.33e+00  1.52e+00  3.58e-01  1.81e-02  8.21e+05  2.26e+03 -1.00e+05
2002 07 07  2300   52462  82800   2.04e+01  6.79e+00  5.32e+00  1.62e+00  5.04e-01  6.57e-02  8.01e+05  2.25e+03 -1.00e+05
2002 07 07  2305   52462  83100   2.27e+01  7.44e+00  5.70e+00  1.57e+00  4.98e-01  5.75e-02  8.00e+05  2.12e+03 -1.00e+05
2002 07 07  2310   52462  83400   2.24e+01  7.65e+00  5.79e+00  1.41e+00  3.35e-01  1.26e-02  8.00e+05  2.16e+03 -1.00e+05
2002 07 07  2315   52462  83700   2.07e+01  6.67e+00  5.01e+00  1.27e+00  2.91e-01  1.27e-02  7.97e+05  2.06e+03 -1.00e+05
2002 07 07  2320   52462  84000   2.14e+01  5.60e+00  4.20e+00  1.08e+00  3.29e-01  5.58e-02  7.71e+05  2.00e+03 -1.00e+05
2002 07 07  2325   52462  84300   2.19e+01  6.76e+00  5.14e+00  1.13e+00  4.23e-01  1.17e-01  7.87e+05  2.08e+03 -1.00e+05
2002 07 07  2330   52462  84600   2.36e+01  6.75e+00  5.15e+00  1.25e+00  3.61e-01  5.06e-02  8.00e+05  2.24e+03 -1.00e+05
2002 07 07  2335   52462  84900   2.74e+01  7.33e+00  5.11e+00  1.13e+00  2.38e-01  1.27e-02  8.00e+05  2.29e+03 -1.00e+05
2002 07 07  2340   52462  85200   2.75e+01  9.16e+00  6.43e+00  1.31e+00  4.19e-01  7.05e-02  8.00e+05  2.27e+03 -1.00e+05
2002 07 07  2345   52462  85500   2.45e+01  6.30e+00  4.43e+00  1.02e+00  2.56e-01  3.57e-02  8.00e+05  2.25e+03 -1.00e+05
2002 07 07  2350   52462  85800   2.61e+01  8.35e+00  5.71e+00  1.31e+00  4.45e-01  8.06e-02  8.00e+05  2.22e+03 -1.00e+05
2002 07 07  2355   52462  86100   2.32e+01  6.60e+00  4.45e+00  8.11e-01  1.65e-01  1.28e-02  8.00e+05  2.20e+03 -1.00e+05
