:Data_list: 20030303_G8xr_1m.txt
:Created: 2003 Mar 04 0010 UTC
# Prepared by the U.S. Dept. of Commerce, NOAA, Space Environment Center.
# Please send comments and suggestions to sec@sec.noaa.gov 
# 
# Label: Short = 0.05- 0.4 nanometer
# Label: Long  = 0.1 - 0.8 nanometer
# Units: Short = Watts per meter squared
# Units: Long  = Watts per meter squared
# Source: GOES-8
# Location: W075
# Missing data: -1.00e+05
#
#         1-minute GOES-8 Solar X-ray Flux
# 
#                 Modified Seconds
# UTC Date  Time   Julian  of the
# YR MO DA  HHMM    Day     Day       Short       Long
#-------------------------------------------------------
2003 03 03  0000   52701      0     2.02e-09    5.69e-07
2003 03 03  0001   52701     60     2.27e-09    5.66e-07
2003 03 03  0002   52701    120     2.12e-09    5.64e-07
2003 03 03  0003   52701    180     1.69e-09    5.62e-07
2003 03 03  0004   52701    240     1.70e-09    5.59e-07
2003 03 03  0005   52701    300     1.85e-09    5.60e-07
2003 03 03  0006   52701    360     2.41e-09    5.66e-07
2003 03 03  0007   52701    420     3.23e-09    5.88e-07
2003 03 03  0008   52701    480     4.26e-09    6.19e-07
2003 03 03  0009   52701    540     3.81e-09    6.17e-07
2003 03 03  0010   52701    600     3.15e-09    6.08e-07
2003 03 03  0011   52701    660     3.03e-09    5.93e-07
2003 03 03  0012   52701    720     2.00e-09    5.79e-07
2003 03 03  0013   52701    780     1.77e-09    5.65e-07
2003 03 03  0014   52701    840     1.50e-09    5.52e-07
2003 03 03  0015   52701    900     1.30e-09    5.44e-07
2003 03 03  0016   52701    960     1.27e-09    5.36e-07
2003 03 03  0017   52701   1020     1.37e-09    5.29e-07
2003 03 03  0018   52701   1080     1.31e-09    5.26e-07
2003 03 03  0019   52701   1140     1.30e-09    5.25e-07
2003 03 03  0020   52701   1200     1.21e-09    5.24e-07
2003 03 03  0021   52701   1260     1.25e-09    5.24e-07
2003 03 03  0022   52701   1320     1.30e-09    5.26e-07
2003 03 03  0023   52701   1380     1.30e-09    5.27e-07
2003 03 03  0024   52701   1440     1.23e-09    5.24e-07
2003 03 03  0025   52701   1500     1.17e-09    5.22e-07
2003 03 03  0026   52701   1560     1.29e-09    5.24e-07
2003 03 03  0027   52701   1620     1.29e-09    5.26e-07
2003 03 03  0028   52701   1680     1.34e-09    5.26e-07
2003 03 03  0029   52701   1740     1.19e-09    5.27e-07
2003 03 03  0030   52701   1800     1.24e-09    5.28e-07
2003 03 03  0031   52701   1860     1.33e-09    5.24e-07
2003 03 03  0032   52701   1920     1.32e-09    5.11e-07
2003 03 03  0033   52701   1980     1.26e-09    5.22e-07
2003 03 03  0034   52701   2040     1.31e-09    5.33e-07
2003 03 03  0035   52701   2100     1.36e-09    5.37e-07
2003 03 03  0036   52701   2160     1.37e-09    5.48e-07
2003 03 03  0037   52701   2220     1.62e-09    5.57e-07
2003 03 03  0038   52701   2280     1.74e-09    5.59e-07
2003 03 03  0039   52701   2340     1.61e-09    5.58e-07
2003 03 03  0040   52701   2400     1.43e-09    5.53e-07
2003 03 03  0041   52701   2460     1.70e-09    5.53e-07
2003 03 03  0042   52701   2520     1.43e-09    5.50e-07
2003 03 03  0043   52701   2580     1.52e-09    5.55e-07
2003 03 03  0044   52701   2640     1.77e-09    5.59e-07
2003 03 03  0045   52701   2700     1.59e-09    5.61e-07
2003 03 03  0046   52701   2760     1.56e-09    5.63e-07
2003 03 03  0047   52701   2820     1.99e-09    5.68e-07
2003 03 03  0048   52701   2880     2.25e-09    5.71e-07
2003 03 03  0049   52701   2940     1.93e-09    5.70e-07
2003 03 03  0050   52701   3000     1.89e-09    5.67e-07
2003 03 03  0051   52701   3060     1.63e-09    5.62e-07
2003 03 03  0052   52701   3120     1.58e-09    5.58e-07
2003 03 03  0053   52701   3180     1.35e-09    5.53e-07
2003 03 03  0054   52701   3240     1.41e-09    5.49e-07
2003 03 03  0055   52701   3300     1.53e-09    5.48e-07
2003 03 03  0056   52701   3360     1.42e-09    5.47e-07
2003 03 03  0057   52701   3420     1.33e-09    5.43e-07
2003 03 03  0058   52701   3480     1.27e-09    5.39e-07
2003 03 03  0059   52701   3540     1.32e-09    5.36e-07
2003 03 03  0100   52701   3600     1.28e-09    5.35e-07
2003 03 03  0101   52701   3660     1.22e-09    5.32e-07
2003 03 03  0102   52701   3720     1.22e-09    5.32e-07
2003 03 03  0103   52701   3780     1.31e-09    5.34e-07
2003 03 03  0104   52701   3840     1.22e-09    5.31e-07
2003 03 03  0105   52701   3900     1.08e-09    5.26e-07
2003 03 03  0106   52701   3960     1.05e-09    5.17e-07
2003 03 03  0107   52701   4020     1.08e-09    5.09e-07
2003 03 03  0108   52701   4080     1.06e-09    5.03e-07
2003 03 03  0109   52701   4140     1.43e-09    5.14e-07
2003 03 03  0110   52701   4200     2.17e-09    5.38e-07
2003 03 03  0111   52701   4260     1.30e-09    5.21e-07
2003 03 03  0112   52701   4320     1.07e-09    5.06e-07
2003 03 03  0113   52701   4380     1.06e-09    4.96e-07
2003 03 03  0114   52701   4440     1.05e-09    4.92e-07
2003 03 03  0115   52701   4500     1.54e-09    5.04e-07
2003 03 03  0116   52701   4560     3.29e-09    5.43e-07
2003 03 03  0117   52701   4620     2.70e-09    5.48e-07
2003 03 03  0118   52701   4680     1.84e-09    5.37e-07
2003 03 03  0119   52701   4740     1.43e-09    5.24e-07
2003 03 03  0120   52701   4800     1.43e-09    5.17e-07
2003 03 03  0121   52701   4860     1.20e-09    5.10e-07
2003 03 03  0122   52701   4920     1.18e-09    5.04e-07
2003 03 03  0123   52701   4980     1.12e-09    5.00e-07
2003 03 03  0124   52701   5040     1.11e-09    4.99e-07
2003 03 03  0125   52701   5100     1.11e-09    4.96e-07
2003 03 03  0126   52701   5160     1.07e-09    4.94e-07
2003 03 03  0127   52701   5220     1.14e-09    4.93e-07
2003 03 03  0128   52701   5280     1.22e-09    4.97e-07
2003 03 03  0129   52701   5340     1.53e-09    5.17e-07
2003 03 03  0130   52701   5400     1.63e-09    5.21e-07
2003 03 03  0131   52701   5460     1.64e-09    5.16e-07
2003 03 03  0132   52701   5520     1.35e-09    5.13e-07
2003 03 03  0133   52701   5580     1.41e-09    5.09e-07
2003 03 03  0134   52701   5640     1.33e-09    5.01e-07
2003 03 03  0135   52701   5700     1.18e-09    4.93e-07
2003 03 03  0136   52701   5760     1.20e-09    4.85e-07
2003 03 03  0137   52701   5820     1.18e-09    4.80e-07
2003 03 03  0138   52701   5880     1.07e-09    4.74e-07
2003 03 03  0139   52701   5940     1.09e-09    4.73e-07
2003 03 03  0140   52701   6000     1.12e-09    4.76e-07
2003 03 03  0141   52701   6060     1.11e-09    4.68e-07
2003 03 03  0142   52701   6120     1.10e-09    4.64e-07
2003 03 03  0143   52701   6180     1.19e-09    4.66e-07
2003 03 03  0144   52701   6240     2.08e-09    4.92e-07
2003 03 03  0145   52701   6300     1.93e-09    4.94e-07
2003 03 03  0146   52701   6360     1.28e-09    4.82e-07
2003 03 03  0147   52701   6420     1.21e-09    4.73e-07
2003 03 03  0148   52701   6480     1.09e-09    4.64e-07
2003 03 03  0149   52701   6540     1.06e-09    4.59e-07
2003 03 03  0150   52701   6600     1.09e-09    4.52e-07
2003 03 03  0151   52701   6660     1.10e-09    4.48e-07
2003 03 03  0152   52701   6720     1.11e-09    4.43e-07
2003 03 03  0153   52701   6780     9.72e-10    4.36e-07
2003 03 03  0154   52701   6840     1.01e-09    4.35e-07
2003 03 03  0155   52701   6900     1.12e-09    4.38e-07
2003 03 03  0156   52701   6960     1.14e-09    4.44e-07
2003 03 03  0157   52701   7020     1.07e-09    4.37e-07
2003 03 03  0158   52701   7080     1.02e-09    4.34e-07
2003 03 03  0159   52701   7140     1.00e-09    4.31e-07
2003 03 03  0200   52701   7200     1.01e-09    4.26e-07
2003 03 03  0201   52701   7260     9.74e-10    4.23e-07
2003 03 03  0202   52701   7320     1.04e-09    4.23e-07
2003 03 03  0203   52701   7380     9.98e-10    4.21e-07
2003 03 03  0204   52701   7440     1.02e-09    4.19e-07
2003 03 03  0205   52701   7500     1.01e-09    4.18e-07
2003 03 03  0206   52701   7560     1.02e-09    4.19e-07
2003 03 03  0207   52701   7620     1.04e-09    4.18e-07
2003 03 03  0208   52701   7680     1.01e-09    4.17e-07
2003 03 03  0209   52701   7740     1.00e-09    4.15e-07
2003 03 03  0210   52701   7800     1.01e-09    4.15e-07
2003 03 03  0211   52701   7860     1.01e-09    4.14e-07
2003 03 03  0212   52701   7920     9.68e-10    4.13e-07
2003 03 03  0213   52701   7980     9.65e-10    4.13e-07
2003 03 03  0214   52701   8040     1.02e-09    4.15e-07
2003 03 03  0215   52701   8100     9.71e-10    4.13e-07
2003 03 03  0216   52701   8160     1.06e-09    4.20e-07
2003 03 03  0217   52701   8220     1.25e-09    4.37e-07
2003 03 03  0218   52701   8280     1.42e-09    4.49e-07
2003 03 03  0219   52701   8340     1.15e-09    4.47e-07
2003 03 03  0220   52701   8400     1.09e-09    4.36e-07
2003 03 03  0221   52701   8460     1.07e-09    4.30e-07
2003 03 03  0222   52701   8520     1.12e-09    4.27e-07
2003 03 03  0223   52701   8580     1.02e-09    4.26e-07
2003 03 03  0224   52701   8640     1.02e-09    4.29e-07
2003 03 03  0225   52701   8700     1.08e-09    4.31e-07
2003 03 03  0226   52701   8760     1.10e-09    4.34e-07
2003 03 03  0227   52701   8820     1.23e-09    4.37e-07
2003 03 03  0228   52701   8880     1.07e-09    4.37e-07
2003 03 03  0229   52701   8940     1.11e-09    4.35e-07
2003 03 03  0230   52701   9000     1.09e-09    4.32e-07
2003 03 03  0231   52701   9060     1.03e-09    4.33e-07
2003 03 03  0232   52701   9120     1.26e-09    4.41e-07
2003 03 03  0233   52701   9180     1.51e-09    4.56e-07
2003 03 03  0234   52701   9240     1.33e-09    4.58e-07
2003 03 03  0235   52701   9300     1.38e-09    4.58e-07
2003 03 03  0236   52701   9360     1.25e-09    4.51e-07
2003 03 03  0237   52701   9420     1.17e-09    4.47e-07
2003 03 03  0238   52701   9480     1.19e-09    4.44e-07
2003 03 03  0239   52701   9540     1.24e-09    4.38e-07
2003 03 03  0240   52701   9600     1.14e-09    4.36e-07
2003 03 03  0241   52701   9660     1.15e-09    4.34e-07
2003 03 03  0242   52701   9720     1.12e-09    4.34e-07
2003 03 03  0243   52701   9780     1.12e-09    4.34e-07
2003 03 03  0244   52701   9840     1.19e-09    4.34e-07
2003 03 03  0245   52701   9900     1.31e-09    4.43e-07
2003 03 03  0246   52701   9960     1.23e-09    4.49e-07
2003 03 03  0247   52701  10020     1.52e-09    4.54e-07
2003 03 03  0248   52701  10080     2.56e-09    4.71e-07
2003 03 03  0249   52701  10140     4.01e-09    4.95e-07
2003 03 03  0250   52701  10200     3.79e-09    4.98e-07
2003 03 03  0251   52701  10260     3.03e-09    4.92e-07
2003 03 03  0252   52701  10320     2.27e-09    4.83e-07
2003 03 03  0253   52701  10380     2.46e-09    4.84e-07
2003 03 03  0254   52701  10440     2.16e-09    4.81e-07
2003 03 03  0255   52701  10500     1.90e-09    4.81e-07
2003 03 03  0256   52701  10560     1.95e-09    4.88e-07
2003 03 03  0257   52701  10620     2.75e-09    5.02e-07
2003 03 03  0258   52701  10680     1.33e-09    4.84e-07
2003 03 03  0259   52701  10740     1.30e-09    4.66e-07
2003 03 03  0300   52701  10800     1.06e-09    4.59e-07
2003 03 03  0301   52701  10860     1.11e-09    4.51e-07
2003 03 03  0302   52701  10920     1.14e-09    4.49e-07
2003 03 03  0303   52701  10980     1.09e-09    4.42e-07
2003 03 03  0304   52701  11040     1.00e-09    4.37e-07
2003 03 03  0305   52701  11100     1.04e-09    4.33e-07
2003 03 03  0306   52701  11160     1.04e-09    4.32e-07
2003 03 03  0307   52701  11220     9.79e-10    4.30e-07
2003 03 03  0308   52701  11280     1.01e-09    4.29e-07
2003 03 03  0309   52701  11340     1.01e-09    4.27e-07
2003 03 03  0310   52701  11400     9.88e-10    4.23e-07
2003 03 03  0311   52701  11460     9.91e-10    4.20e-07
2003 03 03  0312   52701  11520     1.01e-09    4.18e-07
2003 03 03  0313   52701  11580     9.90e-10    4.16e-07
2003 03 03  0314   52701  11640     9.79e-10    4.16e-07
2003 03 03  0315   52701  11700     9.96e-10    4.16e-07
2003 03 03  0316   52701  11760     1.02e-09    4.15e-07
2003 03 03  0317   52701  11820     1.00e-09    4.15e-07
2003 03 03  0318   52701  11880     9.91e-10    4.15e-07
2003 03 03  0319   52701  11940     1.05e-09    4.18e-07
2003 03 03  0320   52701  12000     1.02e-09    4.21e-07
2003 03 03  0321   52701  12060     1.32e-09    4.38e-07
2003 03 03  0322   52701  12120     1.82e-09    4.63e-07
2003 03 03  0323   52701  12180     2.90e-09    4.93e-07
2003 03 03  0324   52701  12240     2.37e-09    4.93e-07
2003 03 03  0325   52701  12300     1.50e-09    4.78e-07
2003 03 03  0326   52701  12360     1.75e-09    4.86e-07
2003 03 03  0327   52701  12420     3.09e-09    5.17e-07
2003 03 03  0328   52701  12480     2.78e-09    5.17e-07
2003 03 03  0329   52701  12540     1.99e-09    4.98e-07
2003 03 03  0330   52701  12600     1.47e-09    4.78e-07
2003 03 03  0331   52701  12660     1.25e-09    4.73e-07
2003 03 03  0332   52701  12720     1.63e-09    4.77e-07
2003 03 03  0333   52701  12780     2.41e-09    4.95e-07
2003 03 03  0334   52701  12840     3.06e-09    5.09e-07
2003 03 03  0335   52701  12900     2.15e-09    5.05e-07
2003 03 03  0336   52701  12960     2.10e-09    4.99e-07
2003 03 03  0337   52701  13020     1.45e-09    4.90e-07
2003 03 03  0338   52701  13080     1.35e-09    4.82e-07
2003 03 03  0339   52701  13140     1.23e-09    4.74e-07
2003 03 03  0340   52701  13200     1.11e-09    4.67e-07
2003 03 03  0341   52701  13260     1.12e-09    4.64e-07
2003 03 03  0342   52701  13320     1.18e-09    4.62e-07
2003 03 03  0343   52701  13380     1.18e-09    4.62e-07
2003 03 03  0344   52701  13440     1.21e-09    4.71e-07
2003 03 03  0345   52701  13500     1.22e-09    4.77e-07
2003 03 03  0346   52701  13560     1.68e-09    4.86e-07
2003 03 03  0347   52701  13620     1.35e-09    4.78e-07
2003 03 03  0348   52701  13680     1.27e-09    4.66e-07
2003 03 03  0349   52701  13740     1.69e-09    4.79e-07
2003 03 03  0350   52701  13800     2.78e-09    5.10e-07
2003 03 03  0351   52701  13860     2.15e-09    5.00e-07
2003 03 03  0352   52701  13920     1.45e-09    4.81e-07
2003 03 03  0353   52701  13980     1.35e-09    4.71e-07
2003 03 03  0354   52701  14040     1.18e-09    4.61e-07
2003 03 03  0355   52701  14100     1.14e-09    4.48e-07
2003 03 03  0356   52701  14160     1.45e-09    4.55e-07
2003 03 03  0357   52701  14220     1.74e-09    4.63e-07
2003 03 03  0358   52701  14280     1.98e-09    4.64e-07
2003 03 03  0359   52701  14340     1.96e-09    4.62e-07
2003 03 03  0400   52701  14400     1.61e-09    4.52e-07
2003 03 03  0401   52701  14460     1.27e-09    4.48e-07
2003 03 03  0402   52701  14520     1.20e-09    4.37e-07
2003 03 03  0403   52701  14580     1.13e-09    4.32e-07
2003 03 03  0404   52701  14640     1.24e-09    4.33e-07
2003 03 03  0405   52701  14700     1.20e-09    4.31e-07
2003 03 03  0406   52701  14760     1.10e-09    4.31e-07
2003 03 03  0407   52701  14820     1.18e-09    4.24e-07
2003 03 03  0408   52701  14880     9.91e-10    4.17e-07
2003 03 03  0409   52701  14940     9.80e-10    4.07e-07
2003 03 03  0410   52701  15000     1.01e-09    4.05e-07
2003 03 03  0411   52701  15060     9.95e-10    4.01e-07
2003 03 03  0412   52701  15120     9.77e-10    4.00e-07
2003 03 03  0413   52701  15180     9.77e-10    3.95e-07
2003 03 03  0414   52701  15240     9.74e-10    3.93e-07
2003 03 03  0415   52701  15300     9.46e-10    3.93e-07
2003 03 03  0416   52701  15360     1.00e-09    3.97e-07
2003 03 03  0417   52701  15420     9.66e-10    3.96e-07
2003 03 03  0418   52701  15480     9.72e-10    3.93e-07
2003 03 03  0419   52701  15540     9.92e-10    3.93e-07
2003 03 03  0420   52701  15600     1.02e-09    3.93e-07
2003 03 03  0421   52701  15660     1.07e-09    3.99e-07
2003 03 03  0422   52701  15720     1.11e-09    4.03e-07
2003 03 03  0423   52701  15780     1.11e-09    4.07e-07
2003 03 03  0424   52701  15840     1.03e-09    4.08e-07
2003 03 03  0425   52701  15900     1.12e-09    4.08e-07
2003 03 03  0426   52701  15960     1.08e-09    4.09e-07
2003 03 03  0427   52701  16020     1.03e-09    4.07e-07
2003 03 03  0428   52701  16080     1.04e-09    4.06e-07
2003 03 03  0429   52701  16140     1.04e-09    4.05e-07
2003 03 03  0430   52701  16200     9.69e-10    4.02e-07
2003 03 03  0431   52701  16260     9.77e-10    4.00e-07
2003 03 03  0432   52701  16320     1.02e-09    3.98e-07
2003 03 03  0433   52701  16380     9.94e-10    4.01e-07
2003 03 03  0434   52701  16440     1.06e-09    4.07e-07
2003 03 03  0435   52701  16500     1.11e-09    4.12e-07
2003 03 03  0436   52701  16560     1.18e-09    4.17e-07
2003 03 03  0437   52701  16620     1.09e-09    4.19e-07
2003 03 03  0438   52701  16680     1.08e-09    4.18e-07
2003 03 03  0439   52701  16740     1.01e-09    4.17e-07
2003 03 03  0440   52701  16800     1.04e-09    4.09e-07
2003 03 03  0441   52701  16860     1.00e-09    4.05e-07
2003 03 03  0442   52701  16920     1.03e-09    4.03e-07
2003 03 03  0443   52701  16980     1.00e-09    3.98e-07
2003 03 03  0444   52701  17040     1.01e-09    3.95e-07
2003 03 03  0445   52701  17100     9.44e-10    3.89e-07
2003 03 03  0446   52701  17160     9.12e-10    3.67e-07
2003 03 03  0447   52701  17220    -1.00e+05   -1.00e+05
2003 03 03  0448   52701  17280    -1.00e+05   -1.00e+05
2003 03 03  0449   52701  17340    -1.00e+05   -1.00e+05
2003 03 03  0450   52701  17400    -1.00e+05   -1.00e+05
2003 03 03  0451   52701  17460    -1.00e+05   -1.00e+05
2003 03 03  0452   52701  17520    -1.00e+05   -1.00e+05
2003 03 03  0453   52701  17580    -1.00e+05   -1.00e+05
2003 03 03  0454   52701  17640    -1.00e+05   -1.00e+05
2003 03 03  0455   52701  17700    -1.00e+05   -1.00e+05
2003 03 03  0456   52701  17760    -1.00e+05   -1.00e+05
2003 03 03  0457   52701  17820    -1.00e+05   -1.00e+05
2003 03 03  0458   52701  17880    -1.00e+05   -1.00e+05
2003 03 03  0459   52701  17940    -1.00e+05   -1.00e+05
2003 03 03  0500   52701  18000    -1.00e+05   -1.00e+05
2003 03 03  0501   52701  18060    -1.00e+05   -1.00e+05
2003 03 03  0502   52701  18120    -1.00e+05   -1.00e+05
2003 03 03  0503   52701  18180    -1.00e+05   -1.00e+05
2003 03 03  0504   52701  18240    -1.00e+05   -1.00e+05
2003 03 03  0505   52701  18300    -1.00e+05   -1.00e+05
2003 03 03  0506   52701  18360    -1.00e+05   -1.00e+05
2003 03 03  0507   52701  18420    -1.00e+05   -1.00e+05
2003 03 03  0508   52701  18480    -1.00e+05   -1.00e+05
2003 03 03  0509   52701  18540    -1.00e+05   -1.00e+05
2003 03 03  0510   52701  18600    -1.00e+05   -1.00e+05
2003 03 03  0511   52701  18660    -1.00e+05   -1.00e+05
2003 03 03  0512   52701  18720    -1.00e+05   -1.00e+05
2003 03 03  0513   52701  18780    -1.00e+05   -1.00e+05
2003 03 03  0514   52701  18840    -1.00e+05   -1.00e+05
2003 03 03  0515   52701  18900    -1.00e+05   -1.00e+05
2003 03 03  0516   52701  18960    -1.00e+05   -1.00e+05
2003 03 03  0517   52701  19020    -1.00e+05   -1.00e+05
2003 03 03  0518   52701  19080    -1.00e+05   -1.00e+05
2003 03 03  0519   52701  19140    -1.00e+05   -1.00e+05
2003 03 03  0520   52701  19200    -1.00e+05   -1.00e+05
2003 03 03  0521   52701  19260    -1.00e+05   -1.00e+05
2003 03 03  0522   52701  19320    -1.00e+05   -1.00e+05
2003 03 03  0523   52701  19380    -1.00e+05   -1.00e+05
2003 03 03  0524   52701  19440    -1.00e+05   -1.00e+05
2003 03 03  0525   52701  19500    -1.00e+05   -1.00e+05
2003 03 03  0526   52701  19560    -1.00e+05   -1.00e+05
2003 03 03  0527   52701  19620    -1.00e+05   -1.00e+05
2003 03 03  0528   52701  19680    -1.00e+05   -1.00e+05
2003 03 03  0529   52701  19740    -1.00e+05   -1.00e+05
2003 03 03  0530   52701  19800    -1.00e+05   -1.00e+05
2003 03 03  0531   52701  19860    -1.00e+05   -1.00e+05
2003 03 03  0532   52701  19920    -1.00e+05   -1.00e+05
2003 03 03  0533   52701  19980    -1.00e+05   -1.00e+05
2003 03 03  0534   52701  20040    -1.00e+05   -1.00e+05
2003 03 03  0535   52701  20100    -1.00e+05   -1.00e+05
2003 03 03  0536   52701  20160    -1.00e+05   -1.00e+05
2003 03 03  0537   52701  20220    -1.00e+05   -1.00e+05
2003 03 03  0538   52701  20280    -1.00e+05   -1.00e+05
2003 03 03  0539   52701  20340    -1.00e+05   -1.00e+05
2003 03 03  0540   52701  20400     1.51e-09    4.47e-07
2003 03 03  0541   52701  20460     1.29e-09    4.43e-07
2003 03 03  0542   52701  20520     1.19e-09    4.34e-07
2003 03 03  0543   52701  20580     1.15e-09    4.29e-07
2003 03 03  0544   52701  20640     1.20e-09    4.28e-07
2003 03 03  0545   52701  20700     1.13e-09    4.28e-07
2003 03 03  0546   52701  20760     1.11e-09    4.25e-07
2003 03 03  0547   52701  20820     1.10e-09    4.22e-07
2003 03 03  0548   52701  20880     1.02e-09    4.20e-07
2003 03 03  0549   52701  20940     1.03e-09    4.18e-07
2003 03 03  0550   52701  21000     1.13e-09    4.17e-07
2003 03 03  0551   52701  21060     1.08e-09    4.12e-07
2003 03 03  0552   52701  21120     1.05e-09    4.09e-07
2003 03 03  0553   52701  21180     1.01e-09    4.07e-07
2003 03 03  0554   52701  21240     1.00e-09    4.09e-07
2003 03 03  0555   52701  21300     1.22e-09    4.23e-07
2003 03 03  0556   52701  21360     1.52e-09    4.32e-07
2003 03 03  0557   52701  21420     1.03e-09    4.22e-07
2003 03 03  0558   52701  21480     1.03e-09    4.12e-07
2003 03 03  0559   52701  21540     1.06e-09    4.06e-07
2003 03 03  0600   52701  21600     1.10e-09    4.10e-07
2003 03 03  0601   52701  21660     1.08e-09    4.15e-07
2003 03 03  0602   52701  21720     1.15e-09    4.25e-07
2003 03 03  0603   52701  21780     1.59e-09    4.37e-07
2003 03 03  0604   52701  21840     1.18e-09    4.31e-07
2003 03 03  0605   52701  21900     1.08e-09    4.24e-07
2003 03 03  0606   52701  21960     1.00e-09    4.18e-07
2003 03 03  0607   52701  22020     1.05e-09    4.13e-07
2003 03 03  0608   52701  22080     1.07e-09    4.10e-07
2003 03 03  0609   52701  22140     1.00e-09    4.06e-07
2003 03 03  0610   52701  22200     9.62e-10    4.06e-07
2003 03 03  0611   52701  22260     1.04e-09    4.06e-07
2003 03 03  0612   52701  22320     1.13e-09    4.10e-07
2003 03 03  0613   52701  22380     1.07e-09    4.13e-07
2003 03 03  0614   52701  22440     1.06e-09    4.12e-07
2003 03 03  0615   52701  22500     1.14e-09    4.16e-07
2003 03 03  0616   52701  22560     1.27e-09    4.27e-07
2003 03 03  0617   52701  22620     1.45e-09    4.33e-07
2003 03 03  0618   52701  22680     1.23e-09    4.31e-07
2003 03 03  0619   52701  22740     1.16e-09    4.26e-07
2003 03 03  0620   52701  22800     1.05e-09    4.21e-07
2003 03 03  0621   52701  22860     1.04e-09    4.16e-07
2003 03 03  0622   52701  22920     1.06e-09    4.13e-07
2003 03 03  0623   52701  22980     1.03e-09    4.14e-07
2003 03 03  0624   52701  23040     1.07e-09    4.16e-07
2003 03 03  0625   52701  23100     1.00e-09    4.17e-07
2003 03 03  0626   52701  23160     1.15e-09    4.21e-07
2003 03 03  0627   52701  23220     1.08e-09    4.23e-07
2003 03 03  0628   52701  23280     1.19e-09    4.22e-07
2003 03 03  0629   52701  23340     1.11e-09    4.31e-07
2003 03 03  0630   52701  23400     1.23e-09    4.37e-07
2003 03 03  0631   52701  23460     1.19e-09    4.34e-07
2003 03 03  0632   52701  23520     1.18e-09    4.30e-07
2003 03 03  0633   52701  23580     1.10e-09    4.28e-07
2003 03 03  0634   52701  23640     1.06e-09    4.27e-07
2003 03 03  0635   52701  23700     1.03e-09    4.25e-07
2003 03 03  0636   52701  23760     1.09e-09    4.23e-07
2003 03 03  0637   52701  23820     1.03e-09    4.21e-07
2003 03 03  0638   52701  23880     1.07e-09    4.20e-07
2003 03 03  0639   52701  23940     9.83e-10    4.19e-07
2003 03 03  0640   52701  24000     1.03e-09    4.16e-07
2003 03 03  0641   52701  24060     1.02e-09    4.14e-07
2003 03 03  0642   52701  24120     1.02e-09    4.11e-07
2003 03 03  0643   52701  24180     9.57e-10    4.07e-07
2003 03 03  0644   52701  24240     1.02e-09    4.05e-07
2003 03 03  0645   52701  24300     1.02e-09    4.03e-07
2003 03 03  0646   52701  24360     1.05e-09    4.02e-07
2003 03 03  0647   52701  24420     1.04e-09    4.02e-07
2003 03 03  0648   52701  24480     1.06e-09    4.01e-07
2003 03 03  0649   52701  24540     1.13e-09    4.00e-07
2003 03 03  0650   52701  24600     9.82e-10    4.00e-07
2003 03 03  0651   52701  24660     1.07e-09    4.01e-07
2003 03 03  0652   52701  24720     1.00e-09    4.00e-07
2003 03 03  0653   52701  24780     1.03e-09    3.99e-07
2003 03 03  0654   52701  24840     9.71e-10    3.97e-07
2003 03 03  0655   52701  24900     9.49e-10    3.94e-07
2003 03 03  0656   52701  24960     9.58e-10    3.94e-07
2003 03 03  0657   52701  25020     9.52e-10    3.95e-07
2003 03 03  0658   52701  25080     1.01e-09    3.96e-07
2003 03 03  0659   52701  25140     9.36e-10    3.96e-07
2003 03 03  0700   52701  25200     9.56e-10    3.92e-07
2003 03 03  0701   52701  25260     1.01e-09    3.92e-07
2003 03 03  0702   52701  25320     1.03e-09    3.95e-07
2003 03 03  0703   52701  25380     1.04e-09    3.96e-07
2003 03 03  0704   52701  25440     9.98e-10    4.00e-07
2003 03 03  0705   52701  25500     1.00e-09    4.01e-07
2003 03 03  0706   52701  25560     9.69e-10    4.03e-07
2003 03 03  0707   52701  25620     9.55e-10    4.03e-07
2003 03 03  0708   52701  25680     1.04e-09    4.04e-07
2003 03 03  0709   52701  25740     1.05e-09    4.05e-07
2003 03 03  0710   52701  25800     1.10e-09    4.07e-07
2003 03 03  0711   52701  25860     9.88e-10    4.08e-07
2003 03 03  0712   52701  25920     1.02e-09    4.06e-07
2003 03 03  0713   52701  25980     1.03e-09    4.03e-07
2003 03 03  0714   52701  26040     9.84e-10    4.03e-07
2003 03 03  0715   52701  26100     9.64e-10    4.05e-07
2003 03 03  0716   52701  26160     1.08e-09    4.08e-07
2003 03 03  0717   52701  26220     1.12e-09    4.12e-07
2003 03 03  0718   52701  26280     1.02e-09    4.09e-07
2003 03 03  0719   52701  26340     1.01e-09    4.07e-07
2003 03 03  0720   52701  26400     1.00e-09    4.07e-07
2003 03 03  0721   52701  26460     1.03e-09    4.07e-07
2003 03 03  0722   52701  26520     1.05e-09    4.05e-07
2003 03 03  0723   52701  26580     1.07e-09    4.03e-07
2003 03 03  0724   52701  26640     9.57e-10    3.99e-07
2003 03 03  0725   52701  26700     9.98e-10    3.99e-07
2003 03 03  0726   52701  26760     9.41e-10    3.97e-07
2003 03 03  0727   52701  26820     9.42e-10    3.98e-07
2003 03 03  0728   52701  26880     9.50e-10    3.98e-07
2003 03 03  0729   52701  26940     9.46e-10    3.97e-07
2003 03 03  0730   52701  27000     9.62e-10    3.96e-07
2003 03 03  0731   52701  27060     1.01e-09    3.95e-07
2003 03 03  0732   52701  27120     1.03e-09    3.96e-07
2003 03 03  0733   52701  27180     9.77e-10    3.97e-07
2003 03 03  0734   52701  27240     9.65e-10    3.98e-07
2003 03 03  0735   52701  27300     9.46e-10    3.95e-07
2003 03 03  0736   52701  27360     9.97e-10    3.96e-07
2003 03 03  0737   52701  27420     1.01e-09    3.95e-07
2003 03 03  0738   52701  27480     9.53e-10    3.92e-07
2003 03 03  0739   52701  27540     9.46e-10    3.89e-07
2003 03 03  0740   52701  27600     9.55e-10    3.89e-07
2003 03 03  0741   52701  27660     1.03e-09    3.99e-07
2003 03 03  0742   52701  27720     1.03e-09    4.08e-07
2003 03 03  0743   52701  27780     1.08e-09    4.05e-07
2003 03 03  0744   52701  27840     1.25e-09    4.22e-07
2003 03 03  0745   52701  27900     1.19e-09    4.24e-07
2003 03 03  0746   52701  27960     1.11e-09    4.21e-07
2003 03 03  0747   52701  28020     1.17e-09    4.23e-07
2003 03 03  0748   52701  28080     1.04e-09    4.21e-07
2003 03 03  0749   52701  28140     1.01e-09    4.19e-07
2003 03 03  0750   52701  28200     1.05e-09    4.17e-07
2003 03 03  0751   52701  28260     1.05e-09    4.17e-07
2003 03 03  0752   52701  28320     1.16e-09    4.20e-07
2003 03 03  0753   52701  28380     1.08e-09    4.19e-07
2003 03 03  0754   52701  28440     1.14e-09    4.22e-07
2003 03 03  0755   52701  28500     1.11e-09    4.26e-07
2003 03 03  0756   52701  28560     1.15e-09    4.26e-07
2003 03 03  0757   52701  28620     1.15e-09    4.29e-07
2003 03 03  0758   52701  28680     1.03e-09    4.31e-07
2003 03 03  0759   52701  28740     1.08e-09    4.29e-07
2003 03 03  0800   52701  28800     9.64e-10    4.27e-07
2003 03 03  0801   52701  28860     9.74e-10    4.25e-07
2003 03 03  0802   52701  28920     1.06e-09    4.24e-07
2003 03 03  0803   52701  28980     9.95e-10    4.21e-07
2003 03 03  0804   52701  29040     1.02e-09    4.20e-07
2003 03 03  0805   52701  29100     9.70e-10    4.19e-07
2003 03 03  0806   52701  29160     1.08e-09    4.19e-07
2003 03 03  0807   52701  29220     1.13e-09    4.22e-07
2003 03 03  0808   52701  29280     1.18e-09    4.26e-07
2003 03 03  0809   52701  29340     1.28e-09    4.31e-07
2003 03 03  0810   52701  29400     1.65e-09    4.32e-07
2003 03 03  0811   52701  29460     1.86e-09    4.31e-07
2003 03 03  0812   52701  29520     1.81e-09    4.31e-07
2003 03 03  0813   52701  29580     1.71e-09    4.35e-07
2003 03 03  0814   52701  29640     1.83e-09    4.33e-07
2003 03 03  0815   52701  29700     1.76e-09    4.31e-07
2003 03 03  0816   52701  29760     1.43e-09    4.29e-07
2003 03 03  0817   52701  29820     1.60e-09    4.28e-07
2003 03 03  0818   52701  29880     1.43e-09    4.25e-07
2003 03 03  0819   52701  29940     1.42e-09    4.22e-07
2003 03 03  0820   52701  30000     1.55e-09    4.20e-07
2003 03 03  0821   52701  30060     1.34e-09    4.18e-07
2003 03 03  0822   52701  30120     1.36e-09    4.18e-07
2003 03 03  0823   52701  30180     1.21e-09    4.17e-07
2003 03 03  0824   52701  30240     1.38e-09    4.18e-07
2003 03 03  0825   52701  30300     1.24e-09    4.18e-07
2003 03 03  0826   52701  30360     1.29e-09    4.17e-07
2003 03 03  0827   52701  30420     1.27e-09    4.15e-07
2003 03 03  0828   52701  30480     1.32e-09    4.13e-07
2003 03 03  0829   52701  30540     1.31e-09    4.11e-07
2003 03 03  0830   52701  30600     1.21e-09    4.11e-07
2003 03 03  0831   52701  30660     1.18e-09    4.10e-07
2003 03 03  0832   52701  30720     1.08e-09    4.07e-07
2003 03 03  0833   52701  30780     1.22e-09    4.08e-07
2003 03 03  0834   52701  30840     1.34e-09    4.09e-07
2003 03 03  0835   52701  30900     1.22e-09    4.07e-07
2003 03 03  0836   52701  30960     1.33e-09    4.05e-07
2003 03 03  0837   52701  31020     1.41e-09    4.06e-07
2003 03 03  0838   52701  31080     1.90e-09    4.06e-07
2003 03 03  0839   52701  31140     1.93e-09    4.04e-07
2003 03 03  0840   52701  31200     2.04e-09    4.07e-07
2003 03 03  0841   52701  31260     2.43e-09    4.11e-07
2003 03 03  0842   52701  31320     2.10e-09    4.09e-07
2003 03 03  0843   52701  31380     2.21e-09    4.05e-07
2003 03 03  0844   52701  31440     1.89e-09    4.06e-07
2003 03 03  0845   52701  31500     2.07e-09    4.04e-07
2003 03 03  0846   52701  31560     1.27e-09    4.04e-07
2003 03 03  0847   52701  31620     1.36e-09    4.05e-07
2003 03 03  0848   52701  31680     1.48e-09    4.06e-07
2003 03 03  0849   52701  31740     1.94e-09    4.09e-07
2003 03 03  0850   52701  31800     1.89e-09    4.09e-07
2003 03 03  0851   52701  31860     1.77e-09    4.07e-07
2003 03 03  0852   52701  31920     1.85e-09    4.05e-07
2003 03 03  0853   52701  31980     1.52e-09    4.06e-07
2003 03 03  0854   52701  32040     1.93e-09    4.08e-07
2003 03 03  0855   52701  32100     1.64e-09    4.10e-07
2003 03 03  0856   52701  32160     1.76e-09    4.06e-07
2003 03 03  0857   52701  32220     1.79e-09    4.06e-07
2003 03 03  0858   52701  32280     2.02e-09    4.07e-07
2003 03 03  0859   52701  32340     1.99e-09    4.08e-07
2003 03 03  0900   52701  32400     1.86e-09    4.08e-07
2003 03 03  0901   52701  32460     1.79e-09    4.12e-07
2003 03 03  0902   52701  32520     1.99e-09    4.14e-07
2003 03 03  0903   52701  32580     1.89e-09    4.16e-07
2003 03 03  0904   52701  32640     1.86e-09    4.16e-07
2003 03 03  0905   52701  32700     2.21e-09    4.17e-07
2003 03 03  0906   52701  32760     2.11e-09    4.18e-07
2003 03 03  0907   52701  32820     2.11e-09    4.19e-07
2003 03 03  0908   52701  32880     2.33e-09    4.23e-07
2003 03 03  0909   52701  32940     3.01e-09    4.33e-07
2003 03 03  0910   52701  33000     3.23e-09    4.47e-07
2003 03 03  0911   52701  33060     4.66e-09    4.83e-07
2003 03 03  0912   52701  33120     4.63e-09    4.94e-07
2003 03 03  0913   52701  33180     6.22e-09    5.22e-07
2003 03 03  0914   52701  33240     5.66e-09    5.31e-07
2003 03 03  0915   52701  33300     4.59e-09    5.19e-07
2003 03 03  0916   52701  33360     3.74e-09    5.06e-07
2003 03 03  0917   52701  33420     3.42e-09    4.99e-07
2003 03 03  0918   52701  33480     3.07e-09    4.99e-07
2003 03 03  0919   52701  33540     3.12e-09    4.96e-07
2003 03 03  0920   52701  33600     3.06e-09    4.91e-07
2003 03 03  0921   52701  33660     2.98e-09    4.90e-07
2003 03 03  0922   52701  33720     2.62e-09    4.87e-07
2003 03 03  0923   52701  33780     2.43e-09    4.80e-07
2003 03 03  0924   52701  33840     2.23e-09    4.73e-07
2003 03 03  0925   52701  33900     2.20e-09    4.67e-07
2003 03 03  0926   52701  33960     2.13e-09    4.63e-07
2003 03 03  0927   52701  34020     1.88e-09    4.58e-07
2003 03 03  0928   52701  34080     2.19e-09    4.57e-07
2003 03 03  0929   52701  34140     2.02e-09    4.54e-07
2003 03 03  0930   52701  34200     1.88e-09    4.48e-07
2003 03 03  0931   52701  34260     1.79e-09    4.45e-07
2003 03 03  0932   52701  34320     1.70e-09    4.43e-07
2003 03 03  0933   52701  34380     2.07e-09    4.40e-07
2003 03 03  0934   52701  34440     1.93e-09    4.38e-07
2003 03 03  0935   52701  34500     1.80e-09    4.35e-07
2003 03 03  0936   52701  34560     1.70e-09    4.34e-07
2003 03 03  0937   52701  34620     1.87e-09    4.34e-07
2003 03 03  0938   52701  34680     1.79e-09    4.31e-07
2003 03 03  0939   52701  34740     1.85e-09    4.31e-07
2003 03 03  0940   52701  34800     1.93e-09    4.30e-07
2003 03 03  0941   52701  34860     1.45e-09    4.28e-07
2003 03 03  0942   52701  34920     1.63e-09    4.29e-07
2003 03 03  0943   52701  34980     2.44e-09    4.53e-07
2003 03 03  0944   52701  35040     1.88e-09    4.39e-07
2003 03 03  0945   52701  35100     1.76e-09    4.31e-07
2003 03 03  0946   52701  35160     1.89e-09    4.33e-07
2003 03 03  0947   52701  35220     1.89e-09    4.36e-07
2003 03 03  0948   52701  35280     1.77e-09    4.34e-07
2003 03 03  0949   52701  35340     1.54e-09    4.33e-07
2003 03 03  0950   52701  35400     1.48e-09    4.33e-07
2003 03 03  0951   52701  35460     1.49e-09    4.33e-07
2003 03 03  0952   52701  35520     1.42e-09    4.35e-07
2003 03 03  0953   52701  35580     1.49e-09    4.34e-07
2003 03 03  0954   52701  35640     1.52e-09    4.31e-07
2003 03 03  0955   52701  35700     1.68e-09    4.30e-07
2003 03 03  0956   52701  35760     1.61e-09    4.29e-07
2003 03 03  0957   52701  35820     1.38e-09    4.28e-07
2003 03 03  0958   52701  35880     1.48e-09    4.27e-07
2003 03 03  0959   52701  35940     1.51e-09    4.26e-07
2003 03 03  1000   52701  36000     1.60e-09    4.25e-07
2003 03 03  1001   52701  36060     1.61e-09    4.26e-07
2003 03 03  1002   52701  36120     1.47e-09    4.25e-07
2003 03 03  1003   52701  36180     1.45e-09    4.21e-07
2003 03 03  1004   52701  36240     1.36e-09    4.18e-07
2003 03 03  1005   52701  36300     1.38e-09    4.17e-07
2003 03 03  1006   52701  36360     1.27e-09    4.13e-07
2003 03 03  1007   52701  36420     1.20e-09    4.11e-07
2003 03 03  1008   52701  36480     1.27e-09    4.10e-07
2003 03 03  1009   52701  36540     1.30e-09    4.11e-07
2003 03 03  1010   52701  36600     1.23e-09    4.11e-07
2003 03 03  1011   52701  36660     1.13e-09    4.07e-07
2003 03 03  1012   52701  36720     1.19e-09    4.06e-07
2003 03 03  1013   52701  36780     1.19e-09    4.05e-07
2003 03 03  1014   52701  36840     1.20e-09    4.07e-07
2003 03 03  1015   52701  36900     1.26e-09    4.10e-07
2003 03 03  1016   52701  36960     1.51e-09    4.16e-07
2003 03 03  1017   52701  37020     1.74e-09    4.27e-07
2003 03 03  1018   52701  37080     1.87e-09    4.30e-07
2003 03 03  1019   52701  37140     1.71e-09    4.30e-07
2003 03 03  1020   52701  37200     1.79e-09    4.30e-07
2003 03 03  1021   52701  37260     1.35e-09    4.29e-07
2003 03 03  1022   52701  37320     1.49e-09    4.26e-07
2003 03 03  1023   52701  37380     1.36e-09    4.23e-07
2003 03 03  1024   52701  37440     1.32e-09    4.19e-07
2003 03 03  1025   52701  37500     1.35e-09    4.17e-07
2003 03 03  1026   52701  37560     1.31e-09    4.16e-07
2003 03 03  1027   52701  37620     1.36e-09    4.16e-07
2003 03 03  1028   52701  37680     1.32e-09    4.17e-07
2003 03 03  1029   52701  37740     1.11e-09    4.14e-07
2003 03 03  1030   52701  37800     1.34e-09    4.12e-07
2003 03 03  1031   52701  37860     1.26e-09    4.10e-07
2003 03 03  1032   52701  37920     1.16e-09    4.07e-07
2003 03 03  1033   52701  37980     1.30e-09    4.05e-07
2003 03 03  1034   52701  38040     1.22e-09    4.05e-07
2003 03 03  1035   52701  38100     1.09e-09    4.06e-07
2003 03 03  1036   52701  38160     1.20e-09    4.06e-07
2003 03 03  1037   52701  38220     1.12e-09    4.04e-07
2003 03 03  1038   52701  38280     1.14e-09    4.00e-07
2003 03 03  1039   52701  38340     1.09e-09    3.98e-07
2003 03 03  1040   52701  38400     1.08e-09    3.95e-07
2003 03 03  1041   52701  38460     1.02e-09    3.91e-07
2003 03 03  1042   52701  38520     1.04e-09    3.89e-07
2003 03 03  1043   52701  38580     1.04e-09    3.89e-07
2003 03 03  1044   52701  38640     1.01e-09    3.86e-07
2003 03 03  1045   52701  38700     9.86e-10    3.84e-07
2003 03 03  1046   52701  38760     1.08e-09    3.85e-07
2003 03 03  1047   52701  38820     1.08e-09    3.86e-07
2003 03 03  1048   52701  38880     1.09e-09    3.88e-07
2003 03 03  1049   52701  38940     1.08e-09    3.85e-07
2003 03 03  1050   52701  39000     1.03e-09    3.84e-07
2003 03 03  1051   52701  39060     1.03e-09    3.82e-07
2003 03 03  1052   52701  39120     1.01e-09    3.80e-07
2003 03 03  1053   52701  39180     9.78e-10    3.79e-07
2003 03 03  1054   52701  39240     9.98e-10    3.79e-07
2003 03 03  1055   52701  39300     1.02e-09    3.79e-07
2003 03 03  1056   52701  39360     9.69e-10    3.77e-07
2003 03 03  1057   52701  39420     9.95e-10    3.79e-07
2003 03 03  1058   52701  39480     1.08e-09    3.81e-07
2003 03 03  1059   52701  39540     1.07e-09    3.78e-07
2003 03 03  1100   52701  39600     9.90e-10    3.77e-07
2003 03 03  1101   52701  39660     1.09e-09    3.76e-07
2003 03 03  1102   52701  39720     9.83e-10    3.74e-07
2003 03 03  1103   52701  39780     1.01e-09    3.74e-07
2003 03 03  1104   52701  39840     9.91e-10    3.74e-07
2003 03 03  1105   52701  39900     1.01e-09    3.72e-07
2003 03 03  1106   52701  39960     9.64e-10    3.72e-07
2003 03 03  1107   52701  40020     1.06e-09    3.71e-07
2003 03 03  1108   52701  40080     9.92e-10    3.71e-07
2003 03 03  1109   52701  40140     1.01e-09    3.69e-07
2003 03 03  1110   52701  40200     9.41e-10    3.66e-07
2003 03 03  1111   52701  40260     9.66e-10    3.65e-07
2003 03 03  1112   52701  40320     9.59e-10    3.63e-07
2003 03 03  1113   52701  40380     9.46e-10    3.61e-07
2003 03 03  1114   52701  40440     9.70e-10    3.59e-07
2003 03 03  1115   52701  40500     9.79e-10    3.57e-07
2003 03 03  1116   52701  40560     9.48e-10    3.56e-07
2003 03 03  1117   52701  40620     9.95e-10    3.57e-07
2003 03 03  1118   52701  40680     9.67e-10    3.57e-07
2003 03 03  1119   52701  40740     9.64e-10    3.57e-07
2003 03 03  1120   52701  40800     9.98e-10    3.55e-07
2003 03 03  1121   52701  40860     9.66e-10    3.54e-07
2003 03 03  1122   52701  40920     9.74e-10    3.53e-07
2003 03 03  1123   52701  40980     9.52e-10    3.55e-07
2003 03 03  1124   52701  41040     9.58e-10    3.56e-07
2003 03 03  1125   52701  41100     9.46e-10    3.57e-07
2003 03 03  1126   52701  41160     9.64e-10    3.58e-07
2003 03 03  1127   52701  41220     9.39e-10    3.59e-07
2003 03 03  1128   52701  41280     1.04e-09    3.58e-07
2003 03 03  1129   52701  41340     1.00e-09    3.61e-07
2003 03 03  1130   52701  41400     9.77e-10    3.61e-07
2003 03 03  1131   52701  41460     9.69e-10    3.62e-07
2003 03 03  1132   52701  41520     9.54e-10    3.62e-07
2003 03 03  1133   52701  41580     9.33e-10    3.62e-07
2003 03 03  1134   52701  41640     1.01e-09    3.61e-07
2003 03 03  1135   52701  41700     9.80e-10    3.62e-07
2003 03 03  1136   52701  41760     9.44e-10    3.61e-07
2003 03 03  1137   52701  41820     9.57e-10    3.60e-07
2003 03 03  1138   52701  41880     1.00e-09    3.61e-07
2003 03 03  1139   52701  41940     9.97e-10    3.60e-07
2003 03 03  1140   52701  42000     9.61e-10    3.62e-07
2003 03 03  1141   52701  42060     9.98e-10    3.64e-07
2003 03 03  1142   52701  42120     1.02e-09    3.66e-07
2003 03 03  1143   52701  42180     9.72e-10    3.67e-07
2003 03 03  1144   52701  42240     1.01e-09    3.72e-07
2003 03 03  1145   52701  42300     9.82e-10    3.76e-07
2003 03 03  1146   52701  42360     1.08e-09    3.81e-07
2003 03 03  1147   52701  42420     1.09e-09    3.84e-07
2003 03 03  1148   52701  42480     1.18e-09    3.91e-07
2003 03 03  1149   52701  42540     1.13e-09    3.96e-07
2003 03 03  1150   52701  42600     1.11e-09    3.98e-07
2003 03 03  1151   52701  42660     1.21e-09    4.01e-07
2003 03 03  1152   52701  42720     1.18e-09    4.11e-07
2003 03 03  1153   52701  42780     1.20e-09    4.20e-07
2003 03 03  1154   52701  42840     1.25e-09    4.20e-07
2003 03 03  1155   52701  42900     1.22e-09    4.20e-07
2003 03 03  1156   52701  42960     1.15e-09    4.15e-07
2003 03 03  1157   52701  43020     1.10e-09    4.08e-07
2003 03 03  1158   52701  43080     1.09e-09    4.06e-07
2003 03 03  1159   52701  43140     1.13e-09    4.05e-07
2003 03 03  1200   52701  43200     1.14e-09    4.05e-07
2003 03 03  1201   52701  43260     1.00e-09    4.04e-07
2003 03 03  1202   52701  43320     1.04e-09    4.03e-07
2003 03 03  1203   52701  43380     1.01e-09    4.03e-07
2003 03 03  1204   52701  43440     1.12e-09    4.03e-07
2003 03 03  1205   52701  43500     1.08e-09    4.05e-07
2003 03 03  1206   52701  43560     1.10e-09    4.03e-07
2003 03 03  1207   52701  43620     1.12e-09    4.03e-07
2003 03 03  1208   52701  43680     1.03e-09    4.03e-07
2003 03 03  1209   52701  43740     1.07e-09    4.02e-07
2003 03 03  1210   52701  43800     1.05e-09    4.01e-07
2003 03 03  1211   52701  43860     1.09e-09    4.01e-07
2003 03 03  1212   52701  43920     1.02e-09    4.00e-07
2003 03 03  1213   52701  43980     1.20e-09    4.00e-07
2003 03 03  1214   52701  44040     1.12e-09    3.99e-07
2003 03 03  1215   52701  44100     1.00e-09    3.97e-07
2003 03 03  1216   52701  44160     9.97e-10    3.94e-07
2003 03 03  1217   52701  44220     9.91e-10    3.92e-07
2003 03 03  1218   52701  44280     9.85e-10    3.89e-07
2003 03 03  1219   52701  44340     1.01e-09    3.89e-07
2003 03 03  1220   52701  44400     1.00e-09    3.86e-07
2003 03 03  1221   52701  44460     1.01e-09    3.85e-07
2003 03 03  1222   52701  44520     9.75e-10    3.82e-07
2003 03 03  1223   52701  44580     9.54e-10    3.82e-07
2003 03 03  1224   52701  44640     9.47e-10    3.83e-07
2003 03 03  1225   52701  44700     1.01e-09    3.81e-07
2003 03 03  1226   52701  44760     9.73e-10    3.80e-07
2003 03 03  1227   52701  44820     9.72e-10    3.79e-07
2003 03 03  1228   52701  44880     1.04e-09    3.79e-07
2003 03 03  1229   52701  44940     9.52e-10    3.79e-07
2003 03 03  1230   52701  45000     1.00e-09    3.78e-07
2003 03 03  1231   52701  45060     1.03e-09    3.77e-07
2003 03 03  1232   52701  45120     9.81e-10    3.78e-07
2003 03 03  1233   52701  45180     9.90e-10    3.76e-07
2003 03 03  1234   52701  45240     9.34e-10    3.76e-07
2003 03 03  1235   52701  45300     9.50e-10    3.75e-07
2003 03 03  1236   52701  45360     9.75e-10    3.75e-07
2003 03 03  1237   52701  45420     9.59e-10    3.77e-07
2003 03 03  1238   52701  45480     9.62e-10    3.77e-07
2003 03 03  1239   52701  45540     9.85e-10    3.81e-07
2003 03 03  1240   52701  45600     9.90e-10    3.82e-07
2003 03 03  1241   52701  45660     1.06e-09    3.81e-07
2003 03 03  1242   52701  45720     1.06e-09    3.80e-07
2003 03 03  1243   52701  45780     1.09e-09    3.81e-07
2003 03 03  1244   52701  45840     1.04e-09    3.86e-07
2003 03 03  1245   52701  45900     1.06e-09    3.94e-07
2003 03 03  1246   52701  45960     1.20e-09    4.05e-07
2003 03 03  1247   52701  46020     1.39e-09    4.18e-07
2003 03 03  1248   52701  46080     1.42e-09    4.30e-07
2003 03 03  1249   52701  46140     1.48e-09    4.31e-07
2003 03 03  1250   52701  46200     2.10e-09    4.45e-07
2003 03 03  1251   52701  46260     1.96e-09    4.49e-07
2003 03 03  1252   52701  46320     2.02e-09    4.48e-07
2003 03 03  1253   52701  46380     1.71e-09    4.48e-07
2003 03 03  1254   52701  46440     2.72e-09    4.63e-07
2003 03 03  1255   52701  46500     4.15e-09    4.92e-07
2003 03 03  1256   52701  46560     6.09e-09    5.24e-07
2003 03 03  1257   52701  46620     6.88e-09    5.39e-07
2003 03 03  1258   52701  46680     5.51e-09    5.33e-07
2003 03 03  1259   52701  46740     5.23e-09    5.32e-07
2003 03 03  1300   52701  46800     4.30e-09    5.29e-07
2003 03 03  1301   52701  46860     3.62e-09    5.23e-07
2003 03 03  1302   52701  46920     3.33e-09    5.17e-07
2003 03 03  1303   52701  46980     2.69e-09    5.06e-07
2003 03 03  1304   52701  47040     2.28e-09    4.97e-07
2003 03 03  1305   52701  47100     1.84e-09    4.84e-07
2003 03 03  1306   52701  47160     1.59e-09    4.74e-07
2003 03 03  1307   52701  47220     1.45e-09    4.69e-07
2003 03 03  1308   52701  47280     1.45e-09    4.62e-07
2003 03 03  1309   52701  47340     1.36e-09    4.59e-07
2003 03 03  1310   52701  47400     1.21e-09    4.56e-07
2003 03 03  1311   52701  47460     1.24e-09    4.51e-07
2003 03 03  1312   52701  47520     1.27e-09    4.48e-07
2003 03 03  1313   52701  47580     1.08e-09    4.46e-07
2003 03 03  1314   52701  47640     1.21e-09    4.43e-07
2003 03 03  1315   52701  47700     1.16e-09    4.42e-07
2003 03 03  1316   52701  47760     1.07e-09    4.39e-07
2003 03 03  1317   52701  47820     1.14e-09    4.37e-07
2003 03 03  1318   52701  47880     1.15e-09    4.34e-07
2003 03 03  1319   52701  47940     1.09e-09    4.33e-07
2003 03 03  1320   52701  48000     1.13e-09    4.33e-07
2003 03 03  1321   52701  48060     1.12e-09    4.32e-07
2003 03 03  1322   52701  48120     1.14e-09    4.29e-07
2003 03 03  1323   52701  48180     1.10e-09    4.26e-07
2003 03 03  1324   52701  48240     1.14e-09    4.27e-07
2003 03 03  1325   52701  48300     1.15e-09    4.30e-07
2003 03 03  1326   52701  48360     1.20e-09    4.32e-07
2003 03 03  1327   52701  48420     1.23e-09    4.33e-07
2003 03 03  1328   52701  48480     1.12e-09    4.29e-07
2003 03 03  1329   52701  48540     1.17e-09    4.25e-07
2003 03 03  1330   52701  48600     1.05e-09    4.22e-07
2003 03 03  1331   52701  48660     1.26e-09    4.19e-07
2003 03 03  1332   52701  48720     1.08e-09    4.17e-07
2003 03 03  1333   52701  48780     1.09e-09    4.17e-07
2003 03 03  1334   52701  48840     1.18e-09    4.18e-07
2003 03 03  1335   52701  48900     1.03e-09    4.19e-07
2003 03 03  1336   52701  48960     1.04e-09    4.19e-07
2003 03 03  1337   52701  49020     1.09e-09    4.19e-07
2003 03 03  1338   52701  49080     1.19e-09    4.19e-07
2003 03 03  1339   52701  49140     1.14e-09    4.19e-07
2003 03 03  1340   52701  49200     1.06e-09    4.19e-07
2003 03 03  1341   52701  49260     1.17e-09    4.19e-07
2003 03 03  1342   52701  49320     1.13e-09    4.20e-07
2003 03 03  1343   52701  49380     1.17e-09    4.20e-07
2003 03 03  1344   52701  49440     1.22e-09    4.21e-07
2003 03 03  1345   52701  49500     1.13e-09    4.21e-07
2003 03 03  1346   52701  49560     1.19e-09    4.22e-07
2003 03 03  1347   52701  49620     1.39e-09    4.22e-07
2003 03 03  1348   52701  49680     1.28e-09    4.25e-07
2003 03 03  1349   52701  49740     1.47e-09    4.29e-07
2003 03 03  1350   52701  49800     1.29e-09    4.25e-07
2003 03 03  1351   52701  49860     1.21e-09    4.20e-07
2003 03 03  1352   52701  49920     1.19e-09    4.16e-07
2003 03 03  1353   52701  49980     1.24e-09    4.12e-07
2003 03 03  1354   52701  50040     1.17e-09    4.08e-07
2003 03 03  1355   52701  50100     1.19e-09    4.06e-07
2003 03 03  1356   52701  50160     1.09e-09    4.04e-07
2003 03 03  1357   52701  50220     1.03e-09    4.06e-07
2003 03 03  1358   52701  50280     1.18e-09    4.06e-07
2003 03 03  1359   52701  50340     1.23e-09    4.06e-07
2003 03 03  1400   52701  50400     1.24e-09    4.05e-07
2003 03 03  1401   52701  50460     1.22e-09    4.06e-07
2003 03 03  1402   52701  50520     1.06e-09    4.06e-07
2003 03 03  1403   52701  50580     1.19e-09    4.05e-07
2003 03 03  1404   52701  50640     1.18e-09    4.06e-07
2003 03 03  1405   52701  50700     1.22e-09    4.07e-07
2003 03 03  1406   52701  50760     1.21e-09    4.09e-07
2003 03 03  1407   52701  50820     1.24e-09    4.11e-07
2003 03 03  1408   52701  50880     1.35e-09    4.13e-07
2003 03 03  1409   52701  50940     1.25e-09    4.10e-07
2003 03 03  1410   52701  51000     1.17e-09    4.07e-07
2003 03 03  1411   52701  51060     1.23e-09    4.05e-07
2003 03 03  1412   52701  51120     1.12e-09    4.04e-07
2003 03 03  1413   52701  51180     1.17e-09    4.03e-07
2003 03 03  1414   52701  51240     1.16e-09    4.02e-07
2003 03 03  1415   52701  51300     1.17e-09    4.00e-07
2003 03 03  1416   52701  51360     1.14e-09    3.98e-07
2003 03 03  1417   52701  51420     1.06e-09    3.95e-07
2003 03 03  1418   52701  51480     1.13e-09    3.93e-07
2003 03 03  1419   52701  51540     1.04e-09    3.95e-07
2003 03 03  1420   52701  51600     1.03e-09    3.93e-07
2003 03 03  1421   52701  51660     1.13e-09    3.91e-07
2003 03 03  1422   52701  51720     1.03e-09    3.90e-07
2003 03 03  1423   52701  51780     1.12e-09    3.88e-07
2003 03 03  1424   52701  51840     1.18e-09    3.89e-07
2003 03 03  1425   52701  51900     1.03e-09    3.87e-07
2003 03 03  1426   52701  51960     1.10e-09    3.85e-07
2003 03 03  1427   52701  52020     1.09e-09    3.84e-07
2003 03 03  1428   52701  52080     1.08e-09    3.81e-07
2003 03 03  1429   52701  52140     1.08e-09    3.82e-07
2003 03 03  1430   52701  52200     1.08e-09    3.82e-07
2003 03 03  1431   52701  52260     1.09e-09    3.80e-07
2003 03 03  1432   52701  52320     1.07e-09    3.79e-07
2003 03 03  1433   52701  52380     1.08e-09    3.78e-07
2003 03 03  1434   52701  52440     1.08e-09    3.79e-07
2003 03 03  1435   52701  52500     1.05e-09    3.81e-07
2003 03 03  1436   52701  52560     1.07e-09    3.80e-07
2003 03 03  1437   52701  52620     1.12e-09    3.82e-07
2003 03 03  1438   52701  52680     1.09e-09    3.85e-07
2003 03 03  1439   52701  52740     1.06e-09    3.87e-07
2003 03 03  1440   52701  52800     1.21e-09    3.90e-07
2003 03 03  1441   52701  52860     1.07e-09    3.91e-07
2003 03 03  1442   52701  52920     1.09e-09    3.90e-07
2003 03 03  1443   52701  52980     1.07e-09    3.87e-07
2003 03 03  1444   52701  53040     1.05e-09    3.85e-07
2003 03 03  1445   52701  53100     1.05e-09    3.85e-07
2003 03 03  1446   52701  53160     1.04e-09    3.86e-07
2003 03 03  1447   52701  53220     1.03e-09    3.84e-07
2003 03 03  1448   52701  53280     1.06e-09    3.82e-07
2003 03 03  1449   52701  53340     1.05e-09    3.83e-07
2003 03 03  1450   52701  53400     1.08e-09    3.81e-07
2003 03 03  1451   52701  53460     1.08e-09    3.82e-07
2003 03 03  1452   52701  53520     1.11e-09    3.84e-07
2003 03 03  1453   52701  53580     1.17e-09    3.93e-07
2003 03 03  1454   52701  53640     1.23e-09    3.94e-07
2003 03 03  1455   52701  53700     1.13e-09    3.95e-07
2003 03 03  1456   52701  53760     1.14e-09    3.90e-07
2003 03 03  1457   52701  53820     1.11e-09    3.87e-07
2003 03 03  1458   52701  53880     1.07e-09    3.84e-07
2003 03 03  1459   52701  53940     1.04e-09    3.80e-07
2003 03 03  1500   52701  54000     1.07e-09    3.77e-07
2003 03 03  1501   52701  54060     1.09e-09    3.75e-07
2003 03 03  1502   52701  54120     1.01e-09    3.70e-07
2003 03 03  1503   52701  54180     9.96e-10    3.69e-07
2003 03 03  1504   52701  54240     1.04e-09    3.68e-07
2003 03 03  1505   52701  54300     1.01e-09    3.68e-07
2003 03 03  1506   52701  54360     9.83e-10    3.67e-07
2003 03 03  1507   52701  54420     1.07e-09    3.67e-07
2003 03 03  1508   52701  54480     1.00e-09    3.66e-07
2003 03 03  1509   52701  54540     9.97e-10    3.65e-07
2003 03 03  1510   52701  54600     9.69e-10    3.65e-07
2003 03 03  1511   52701  54660     1.02e-09    3.65e-07
2003 03 03  1512   52701  54720     1.06e-09    3.67e-07
2003 03 03  1513   52701  54780     9.95e-10    3.70e-07
2003 03 03  1514   52701  54840     1.09e-09    3.76e-07
2003 03 03  1515   52701  54900     1.16e-09    3.79e-07
2003 03 03  1516   52701  54960     1.19e-09    3.78e-07
2003 03 03  1517   52701  55020     1.21e-09    3.74e-07
2003 03 03  1518   52701  55080     1.17e-09    3.73e-07
2003 03 03  1519   52701  55140     1.03e-09    3.72e-07
2003 03 03  1520   52701  55200     1.08e-09    3.71e-07
2003 03 03  1521   52701  55260     1.13e-09    3.73e-07
2003 03 03  1522   52701  55320     1.14e-09    3.78e-07
2003 03 03  1523   52701  55380     1.19e-09    3.88e-07
2003 03 03  1524   52701  55440     1.19e-09    3.95e-07
2003 03 03  1525   52701  55500     1.15e-09    3.97e-07
2003 03 03  1526   52701  55560     1.21e-09    4.04e-07
2003 03 03  1527   52701  55620     1.31e-09    4.06e-07
2003 03 03  1528   52701  55680     1.23e-09    4.13e-07
2003 03 03  1529   52701  55740     1.26e-09    4.13e-07
2003 03 03  1530   52701  55800     1.27e-09    4.13e-07
2003 03 03  1531   52701  55860     1.35e-09    4.09e-07
2003 03 03  1532   52701  55920     1.26e-09    4.04e-07
2003 03 03  1533   52701  55980     1.11e-09    4.03e-07
2003 03 03  1534   52701  56040     1.10e-09    3.98e-07
2003 03 03  1535   52701  56100     1.10e-09    3.93e-07
2003 03 03  1536   52701  56160     1.03e-09    3.90e-07
2003 03 03  1537   52701  56220     1.05e-09    3.89e-07
2003 03 03  1538   52701  56280     1.06e-09    3.85e-07
2003 03 03  1539   52701  56340     9.75e-10    3.82e-07
2003 03 03  1540   52701  56400     1.12e-09    3.82e-07
2003 03 03  1541   52701  56460     1.07e-09    3.82e-07
2003 03 03  1542   52701  56520     1.04e-09    3.82e-07
2003 03 03  1543   52701  56580     1.02e-09    3.83e-07
2003 03 03  1544   52701  56640     1.10e-09    3.81e-07
2003 03 03  1545   52701  56700     1.09e-09    3.80e-07
2003 03 03  1546   52701  56760     9.86e-10    3.78e-07
2003 03 03  1547   52701  56820     9.92e-10    3.77e-07
2003 03 03  1548   52701  56880     1.03e-09    3.76e-07
2003 03 03  1549   52701  56940     1.11e-09    3.74e-07
2003 03 03  1550   52701  57000     9.51e-10    3.72e-07
2003 03 03  1551   52701  57060     9.64e-10    3.70e-07
2003 03 03  1552   52701  57120     1.01e-09    3.67e-07
2003 03 03  1553   52701  57180     1.04e-09    3.66e-07
2003 03 03  1554   52701  57240     1.00e-09    3.65e-07
2003 03 03  1555   52701  57300     1.02e-09    3.65e-07
2003 03 03  1556   52701  57360     9.95e-10    3.64e-07
2003 03 03  1557   52701  57420     1.04e-09    3.64e-07
2003 03 03  1558   52701  57480     9.54e-10    3.62e-07
2003 03 03  1559   52701  57540     1.00e-09    3.63e-07
2003 03 03  1600   52701  57600     1.00e-09    3.60e-07
2003 03 03  1601   52701  57660     1.04e-09    3.59e-07
2003 03 03  1602   52701  57720     1.05e-09    3.58e-07
2003 03 03  1603   52701  57780     9.83e-10    3.59e-07
2003 03 03  1604   52701  57840     1.01e-09    3.57e-07
2003 03 03  1605   52701  57900     9.69e-10    3.57e-07
2003 03 03  1606   52701  57960     9.62e-10    3.57e-07
2003 03 03  1607   52701  58020     9.76e-10    3.55e-07
2003 03 03  1608   52701  58080     9.80e-10    3.54e-07
2003 03 03  1609   52701  58140     1.03e-09    3.55e-07
2003 03 03  1610   52701  58200     9.76e-10    3.53e-07
2003 03 03  1611   52701  58260     9.96e-10    3.52e-07
2003 03 03  1612   52701  58320     9.98e-10    3.50e-07
2003 03 03  1613   52701  58380     9.79e-10    3.49e-07
2003 03 03  1614   52701  58440     9.87e-10    3.48e-07
2003 03 03  1615   52701  58500     9.47e-10    3.48e-07
2003 03 03  1616   52701  58560     9.30e-10    3.47e-07
2003 03 03  1617   52701  58620     9.44e-10    3.47e-07
2003 03 03  1618   52701  58680     9.96e-10    3.47e-07
2003 03 03  1619   52701  58740     9.41e-10    3.46e-07
2003 03 03  1620   52701  58800     9.93e-10    3.45e-07
2003 03 03  1621   52701  58860     9.57e-10    3.43e-07
2003 03 03  1622   52701  58920     9.80e-10    3.42e-07
2003 03 03  1623   52701  58980     9.94e-10    3.43e-07
2003 03 03  1624   52701  59040     1.01e-09    3.43e-07
2003 03 03  1625   52701  59100     9.91e-10    3.43e-07
2003 03 03  1626   52701  59160     1.00e-09    3.43e-07
2003 03 03  1627   52701  59220     9.47e-10    3.45e-07
2003 03 03  1628   52701  59280     9.83e-10    3.41e-07
2003 03 03  1629   52701  59340     9.69e-10    3.42e-07
2003 03 03  1630   52701  59400     1.02e-09    3.42e-07
2003 03 03  1631   52701  59460     9.47e-10    3.43e-07
2003 03 03  1632   52701  59520     9.57e-10    3.41e-07
2003 03 03  1633   52701  59580     9.94e-10    3.42e-07
2003 03 03  1634   52701  59640     1.06e-09    3.41e-07
2003 03 03  1635   52701  59700     1.16e-09    3.43e-07
2003 03 03  1636   52701  59760     1.03e-09    3.42e-07
2003 03 03  1637   52701  59820     1.01e-09    3.43e-07
2003 03 03  1638   52701  59880     1.00e-09    3.42e-07
2003 03 03  1639   52701  59940     1.03e-09    3.40e-07
2003 03 03  1640   52701  60000     9.75e-10    3.40e-07
2003 03 03  1641   52701  60060     9.92e-10    3.40e-07
2003 03 03  1642   52701  60120     1.01e-09    3.42e-07
2003 03 03  1643   52701  60180     1.03e-09    3.43e-07
2003 03 03  1644   52701  60240     1.02e-09    3.40e-07
2003 03 03  1645   52701  60300     1.04e-09    3.41e-07
2003 03 03  1646   52701  60360     9.98e-10    3.40e-07
2003 03 03  1647   52701  60420     1.00e-09    3.40e-07
2003 03 03  1648   52701  60480     1.04e-09    3.40e-07
2003 03 03  1649   52701  60540     1.02e-09    3.40e-07
2003 03 03  1650   52701  60600     1.10e-09    3.41e-07
2003 03 03  1651   52701  60660     1.02e-09    3.44e-07
2003 03 03  1652   52701  60720     1.12e-09    3.55e-07
2003 03 03  1653   52701  60780     1.63e-09    3.84e-07
2003 03 03  1654   52701  60840    -1.00e+05   -1.00e+05
2003 03 03  1655   52701  60900    -1.00e+05   -1.00e+05
2003 03 03  1656   52701  60960    -1.00e+05   -1.00e+05
2003 03 03  1657   52701  61020    -1.00e+05   -1.00e+05
2003 03 03  1658   52701  61080     1.13e-09    3.66e-07
2003 03 03  1659   52701  61140     1.21e-09    3.61e-07
2003 03 03  1700   52701  61200     1.10e-09    3.58e-07
2003 03 03  1701   52701  61260     1.07e-09    3.56e-07
2003 03 03  1702   52701  61320     1.12e-09    3.55e-07
2003 03 03  1703   52701  61380     1.06e-09    3.55e-07
2003 03 03  1704   52701  61440     1.03e-09    3.55e-07
2003 03 03  1705   52701  61500     1.04e-09    3.55e-07
2003 03 03  1706   52701  61560     1.18e-09    3.53e-07
2003 03 03  1707   52701  61620     1.07e-09    3.51e-07
2003 03 03  1708   52701  61680     1.06e-09    3.51e-07
2003 03 03  1709   52701  61740     1.01e-09    3.52e-07
2003 03 03  1710   52701  61800     1.16e-09    3.52e-07
2003 03 03  1711   52701  61860     1.10e-09    3.53e-07
2003 03 03  1712   52701  61920     1.05e-09    3.56e-07
2003 03 03  1713   52701  61980     1.03e-09    3.54e-07
2003 03 03  1714   52701  62040     1.09e-09    3.57e-07
2003 03 03  1715   52701  62100     1.07e-09    3.63e-07
2003 03 03  1716   52701  62160     1.07e-09    3.68e-07
2003 03 03  1717   52701  62220     1.15e-09    3.74e-07
2003 03 03  1718   52701  62280     1.18e-09    3.76e-07
2003 03 03  1719   52701  62340     1.17e-09    3.79e-07
2003 03 03  1720   52701  62400     1.13e-09    3.82e-07
2003 03 03  1721   52701  62460     1.13e-09    3.81e-07
2003 03 03  1722   52701  62520     1.11e-09    3.83e-07
2003 03 03  1723   52701  62580     1.11e-09    3.86e-07
2003 03 03  1724   52701  62640     1.06e-09    3.91e-07
2003 03 03  1725   52701  62700     1.09e-09    3.94e-07
2003 03 03  1726   52701  62760     1.21e-09    3.99e-07
2003 03 03  1727   52701  62820     1.31e-09    4.08e-07
2003 03 03  1728   52701  62880     1.33e-09    4.23e-07
2003 03 03  1729   52701  62940     2.14e-09    4.39e-07
2003 03 03  1730   52701  63000     2.48e-09    4.57e-07
2003 03 03  1731   52701  63060     3.18e-09    4.75e-07
2003 03 03  1732   52701  63120     3.62e-09    4.89e-07
2003 03 03  1733   52701  63180     4.52e-09    5.10e-07
2003 03 03  1734   52701  63240     5.67e-09    5.32e-07
2003 03 03  1735   52701  63300     6.71e-09    5.55e-07
2003 03 03  1736   52701  63360     8.12e-09    5.93e-07
2003 03 03  1737   52701  63420     9.74e-09    6.39e-07
2003 03 03  1738   52701  63480     1.08e-08    6.61e-07
2003 03 03  1739   52701  63540     1.14e-08    6.79e-07
2003 03 03  1740   52701  63600     1.27e-08    6.90e-07
2003 03 03  1741   52701  63660     1.27e-08    6.98e-07
2003 03 03  1742   52701  63720     1.23e-08    6.94e-07
2003 03 03  1743   52701  63780     1.12e-08    6.89e-07
2003 03 03  1744   52701  63840     9.90e-09    6.74e-07
2003 03 03  1745   52701  63900     8.24e-09    6.54e-07
2003 03 03  1746   52701  63960     6.78e-09    6.37e-07
2003 03 03  1747   52701  64020     5.47e-09    6.15e-07
2003 03 03  1748   52701  64080     4.41e-09    5.95e-07
2003 03 03  1749   52701  64140     3.89e-09    5.80e-07
2003 03 03  1750   52701  64200     3.32e-09    5.64e-07
2003 03 03  1751   52701  64260     2.62e-09    5.50e-07
2003 03 03  1752   52701  64320     2.61e-09    5.40e-07
2003 03 03  1753   52701  64380     2.06e-09    5.31e-07
2003 03 03  1754   52701  64440     1.86e-09    5.22e-07
2003 03 03  1755   52701  64500     1.83e-09    5.15e-07
2003 03 03  1756   52701  64560     1.67e-09    5.06e-07
2003 03 03  1757   52701  64620     1.40e-09    5.00e-07
2003 03 03  1758   52701  64680     1.43e-09    4.98e-07
2003 03 03  1759   52701  64740     1.33e-09    4.94e-07
2003 03 03  1800   52701  64800     1.32e-09    4.90e-07
2003 03 03  1801   52701  64860     1.28e-09    4.84e-07
2003 03 03  1802   52701  64920     1.28e-09    4.82e-07
2003 03 03  1803   52701  64980     1.41e-09    4.80e-07
2003 03 03  1804   52701  65040     1.27e-09    4.80e-07
2003 03 03  1805   52701  65100     1.13e-09    4.78e-07
2003 03 03  1806   52701  65160     1.24e-09    4.80e-07
2003 03 03  1807   52701  65220     1.32e-09    4.87e-07
2003 03 03  1808   52701  65280     1.44e-09    4.93e-07
2003 03 03  1809   52701  65340     1.42e-09    4.96e-07
2003 03 03  1810   52701  65400     1.38e-09    5.00e-07
2003 03 03  1811   52701  65460     1.43e-09    5.00e-07
2003 03 03  1812   52701  65520     1.30e-09    5.02e-07
2003 03 03  1813   52701  65580     1.52e-09    5.07e-07
2003 03 03  1814   52701  65640     1.52e-09    5.14e-07
2003 03 03  1815   52701  65700     2.10e-09    5.18e-07
2003 03 03  1816   52701  65760     1.87e-09    5.19e-07
2003 03 03  1817   52701  65820     2.19e-09    5.23e-07
2003 03 03  1818   52701  65880     2.22e-09    5.29e-07
2003 03 03  1819   52701  65940     2.34e-09    5.35e-07
2003 03 03  1820   52701  66000     2.83e-09    5.44e-07
2003 03 03  1821   52701  66060     3.26e-09    5.52e-07
2003 03 03  1822   52701  66120     3.34e-09    5.59e-07
2003 03 03  1823   52701  66180     3.24e-09    5.66e-07
2003 03 03  1824   52701  66240     3.35e-09    5.76e-07
2003 03 03  1825   52701  66300     4.68e-09    6.00e-07
2003 03 03  1826   52701  66360     6.13e-09    6.27e-07
2003 03 03  1827   52701  66420     1.13e-08    6.85e-07
2003 03 03  1828   52701  66480     1.82e-08    7.62e-07
2003 03 03  1829   52701  66540     2.69e-08    8.57e-07
2003 03 03  1830   52701  66600     3.34e-08    9.52e-07
2003 03 03  1831   52701  66660     2.50e-08    9.37e-07
2003 03 03  1832   52701  66720     1.62e-08    8.73e-07
2003 03 03  1833   52701  66780     1.12e-08    8.08e-07
2003 03 03  1834   52701  66840     8.45e-09    7.59e-07
2003 03 03  1835   52701  66900     6.77e-09    7.20e-07
2003 03 03  1836   52701  66960     5.80e-09    6.89e-07
2003 03 03  1837   52701  67020     4.93e-09    6.65e-07
2003 03 03  1838   52701  67080     4.78e-09    6.53e-07
2003 03 03  1839   52701  67140     4.73e-09    6.44e-07
2003 03 03  1840   52701  67200     4.54e-09    6.38e-07
2003 03 03  1841   52701  67260     4.55e-09    6.33e-07
2003 03 03  1842   52701  67320     4.38e-09    6.28e-07
2003 03 03  1843   52701  67380     4.23e-09    6.23e-07
2003 03 03  1844   52701  67440     4.25e-09    6.21e-07
2003 03 03  1845   52701  67500     4.75e-09    6.21e-07
2003 03 03  1846   52701  67560     4.92e-09    6.27e-07
2003 03 03  1847   52701  67620     4.87e-09    6.31e-07
2003 03 03  1848   52701  67680     4.72e-09    6.32e-07
2003 03 03  1849   52701  67740     4.98e-09    6.31e-07
2003 03 03  1850   52701  67800     4.97e-09    6.31e-07
2003 03 03  1851   52701  67860     4.84e-09    6.29e-07
2003 03 03  1852   52701  67920     4.97e-09    6.28e-07
2003 03 03  1853   52701  67980     4.85e-09    6.23e-07
2003 03 03  1854   52701  68040     4.45e-09    6.18e-07
2003 03 03  1855   52701  68100     4.51e-09    6.11e-07
2003 03 03  1856   52701  68160     4.02e-09    6.03e-07
2003 03 03  1857   52701  68220     3.92e-09    5.98e-07
2003 03 03  1858   52701  68280     3.64e-09    5.91e-07
2003 03 03  1859   52701  68340     3.70e-09    5.87e-07
2003 03 03  1900   52701  68400     3.51e-09    5.82e-07
2003 03 03  1901   52701  68460     3.21e-09    5.77e-07
2003 03 03  1902   52701  68520     3.42e-09    5.73e-07
2003 03 03  1903   52701  68580     3.37e-09    5.70e-07
2003 03 03  1904   52701  68640     3.32e-09    5.66e-07
2003 03 03  1905   52701  68700     3.38e-09    5.62e-07
2003 03 03  1906   52701  68760     2.95e-09    5.58e-07
2003 03 03  1907   52701  68820     3.28e-09    5.56e-07
2003 03 03  1908   52701  68880     3.10e-09    5.51e-07
2003 03 03  1909   52701  68940     3.01e-09    5.48e-07
2003 03 03  1910   52701  69000     2.95e-09    5.46e-07
2003 03 03  1911   52701  69060     2.96e-09    5.46e-07
2003 03 03  1912   52701  69120     2.79e-09    5.41e-07
2003 03 03  1913   52701  69180     3.08e-09    5.36e-07
2003 03 03  1914   52701  69240     2.97e-09    5.35e-07
2003 03 03  1915   52701  69300     2.54e-09    5.33e-07
2003 03 03  1916   52701  69360     2.91e-09    5.30e-07
2003 03 03  1917   52701  69420     2.70e-09    5.29e-07
2003 03 03  1918   52701  69480     2.41e-09    5.29e-07
2003 03 03  1919   52701  69540     2.86e-09    5.27e-07
2003 03 03  1920   52701  69600     2.62e-09    5.23e-07
2003 03 03  1921   52701  69660     2.08e-09    5.19e-07
2003 03 03  1922   52701  69720     2.53e-09    5.19e-07
2003 03 03  1923   52701  69780     2.48e-09    5.18e-07
2003 03 03  1924   52701  69840     2.39e-09    5.16e-07
2003 03 03  1925   52701  69900     2.17e-09    5.15e-07
2003 03 03  1926   52701  69960     2.14e-09    5.12e-07
2003 03 03  1927   52701  70020     2.15e-09    5.12e-07
2003 03 03  1928   52701  70080     1.98e-09    5.10e-07
2003 03 03  1929   52701  70140     1.98e-09    5.08e-07
2003 03 03  1930   52701  70200     2.18e-09    5.18e-07
2003 03 03  1931   52701  70260     2.78e-09    5.30e-07
2003 03 03  1932   52701  70320     2.95e-09    5.40e-07
2003 03 03  1933   52701  70380     3.64e-09    5.62e-07
2003 03 03  1934   52701  70440     4.48e-09    5.81e-07
2003 03 03  1935   52701  70500     4.69e-09    5.87e-07
2003 03 03  1936   52701  70560     4.22e-09    5.80e-07
2003 03 03  1937   52701  70620     4.12e-09    5.71e-07
2003 03 03  1938   52701  70680     3.90e-09    5.67e-07
2003 03 03  1939   52701  70740     3.80e-09    5.65e-07
2003 03 03  1940   52701  70800     3.89e-09    5.68e-07
2003 03 03  1941   52701  70860     4.99e-09    5.82e-07
2003 03 03  1942   52701  70920     5.56e-09    5.99e-07
2003 03 03  1943   52701  70980     5.46e-09    5.99e-07
2003 03 03  1944   52701  71040     5.86e-09    6.01e-07
2003 03 03  1945   52701  71100     6.42e-09    6.14e-07
2003 03 03  1946   52701  71160     6.45e-09    6.21e-07
2003 03 03  1947   52701  71220     5.23e-09    6.15e-07
2003 03 03  1948   52701  71280     5.23e-09    6.09e-07
2003 03 03  1949   52701  71340     4.81e-09    6.00e-07
2003 03 03  1950   52701  71400     4.91e-09    5.99e-07
2003 03 03  1951   52701  71460     5.13e-09    6.01e-07
2003 03 03  1952   52701  71520     4.71e-09    6.01e-07
2003 03 03  1953   52701  71580     5.01e-09    6.01e-07
2003 03 03  1954   52701  71640     5.01e-09    6.00e-07
2003 03 03  1955   52701  71700     4.65e-09    6.00e-07
2003 03 03  1956   52701  71760     4.28e-09    5.92e-07
2003 03 03  1957   52701  71820     3.96e-09    5.86e-07
2003 03 03  1958   52701  71880     3.87e-09    5.86e-07
2003 03 03  1959   52701  71940     3.18e-09    5.85e-07
2003 03 03  2000   52701  72000     3.92e-09    5.87e-07
2003 03 03  2001   52701  72060     4.46e-09    6.04e-07
2003 03 03  2002   52701  72120     7.10e-09    6.35e-07
2003 03 03  2003   52701  72180     9.01e-09    6.67e-07
2003 03 03  2004   52701  72240     1.04e-08    7.00e-07
2003 03 03  2005   52701  72300     1.06e-08    7.23e-07
2003 03 03  2006   52701  72360     1.02e-08    7.29e-07
2003 03 03  2007   52701  72420     9.48e-09    7.22e-07
2003 03 03  2008   52701  72480     8.64e-09    7.16e-07
2003 03 03  2009   52701  72540     8.66e-09    7.16e-07
2003 03 03  2010   52701  72600     8.19e-09    7.14e-07
2003 03 03  2011   52701  72660     7.47e-09    7.11e-07
2003 03 03  2012   52701  72720     7.39e-09    7.07e-07
2003 03 03  2013   52701  72780     7.05e-09    7.04e-07
2003 03 03  2014   52701  72840     6.94e-09    7.02e-07
2003 03 03  2015   52701  72900     6.85e-09    7.08e-07
2003 03 03  2016   52701  72960     6.99e-09    7.06e-07
2003 03 03  2017   52701  73020     7.22e-09    7.04e-07
2003 03 03  2018   52701  73080     7.56e-09    7.04e-07
2003 03 03  2019   52701  73140     7.22e-09    7.09e-07
2003 03 03  2020   52701  73200     8.34e-09    7.21e-07
2003 03 03  2021   52701  73260     8.26e-09    7.30e-07
2003 03 03  2022   52701  73320     9.41e-09    7.46e-07
2003 03 03  2023   52701  73380     1.04e-08    7.68e-07
2003 03 03  2024   52701  73440     1.17e-08    8.00e-07
2003 03 03  2025   52701  73500     1.42e-08    8.44e-07
2003 03 03  2026   52701  73560     1.65e-08    8.84e-07
2003 03 03  2027   52701  73620     1.89e-08    9.28e-07
2003 03 03  2028   52701  73680     1.97e-08    9.68e-07
2003 03 03  2029   52701  73740     2.01e-08    9.93e-07
2003 03 03  2030   52701  73800     2.04e-08    1.01e-06
2003 03 03  2031   52701  73860     2.12e-08    1.03e-06
2003 03 03  2032   52701  73920     2.33e-08    1.06e-06
2003 03 03  2033   52701  73980     2.38e-08    1.08e-06
2003 03 03  2034   52701  74040     2.46e-08    1.10e-06
2003 03 03  2035   52701  74100     2.60e-08    1.13e-06
2003 03 03  2036   52701  74160     2.73e-08    1.16e-06
2003 03 03  2037   52701  74220     2.93e-08    1.20e-06
2003 03 03  2038   52701  74280     3.17e-08    1.24e-06
2003 03 03  2039   52701  74340     3.36e-08    1.28e-06
2003 03 03  2040   52701  74400     3.56e-08    1.32e-06
2003 03 03  2041   52701  74460     3.93e-08    1.38e-06
2003 03 03  2042   52701  74520     4.44e-08    1.46e-06
2003 03 03  2043   52701  74580     5.12e-08    1.62e-06
2003 03 03  2044   52701  74640     5.87e-08    1.70e-06
2003 03 03  2045   52701  74700     6.60e-08    1.82e-06
2003 03 03  2046   52701  74760     7.23e-08    1.92e-06
2003 03 03  2047   52701  74820     7.83e-08    2.00e-06
2003 03 03  2048   52701  74880     8.27e-08    2.10e-06
2003 03 03  2049   52701  74940     8.68e-08    2.16e-06
2003 03 03  2050   52701  75000     9.06e-08    2.23e-06
2003 03 03  2051   52701  75060     9.34e-08    2.29e-06
2003 03 03  2052   52701  75120     9.43e-08    2.33e-06
2003 03 03  2053   52701  75180     9.39e-08    2.36e-06
2003 03 03  2054   52701  75240     9.44e-08    2.37e-06
2003 03 03  2055   52701  75300     9.41e-08    2.39e-06
2003 03 03  2056   52701  75360     9.31e-08    2.40e-06
2003 03 03  2057   52701  75420     9.22e-08    2.40e-06
2003 03 03  2058   52701  75480     9.21e-08    2.41e-06
2003 03 03  2059   52701  75540     9.28e-08    2.42e-06
2003 03 03  2100   52701  75600     9.23e-08    2.43e-06
2003 03 03  2101   52701  75660     9.07e-08    2.44e-06
2003 03 03  2102   52701  75720     9.02e-08    2.42e-06
2003 03 03  2103   52701  75780     8.95e-08    2.41e-06
2003 03 03  2104   52701  75840     8.96e-08    2.42e-06
2003 03 03  2105   52701  75900     9.04e-08    2.44e-06
2003 03 03  2106   52701  75960     9.03e-08    2.44e-06
2003 03 03  2107   52701  76020     8.83e-08    2.42e-06
2003 03 03  2108   52701  76080     8.55e-08    2.40e-06
2003 03 03  2109   52701  76140     8.23e-08    2.36e-06
2003 03 03  2110   52701  76200     8.06e-08    2.35e-06
2003 03 03  2111   52701  76260     7.83e-08    2.30e-06
2003 03 03  2112   52701  76320     7.63e-08    2.27e-06
2003 03 03  2113   52701  76380     7.44e-08    2.26e-06
2003 03 03  2114   52701  76440     7.21e-08    2.23e-06
2003 03 03  2115   52701  76500     7.05e-08    2.21e-06
2003 03 03  2116   52701  76560     6.86e-08    2.18e-06
2003 03 03  2117   52701  76620     6.74e-08    2.16e-06
2003 03 03  2118   52701  76680     6.52e-08    2.13e-06
2003 03 03  2119   52701  76740     6.30e-08    2.10e-06
2003 03 03  2120   52701  76800     6.13e-08    2.08e-06
2003 03 03  2121   52701  76860     5.92e-08    2.04e-06
2003 03 03  2122   52701  76920     5.81e-08    2.00e-06
2003 03 03  2123   52701  76980     5.64e-08    1.98e-06
2003 03 03  2124   52701  77040     5.49e-08    1.95e-06
2003 03 03  2125   52701  77100     5.42e-08    1.94e-06
2003 03 03  2126   52701  77160     5.30e-08    1.91e-06
2003 03 03  2127   52701  77220     5.15e-08    1.89e-06
2003 03 03  2128   52701  77280     5.03e-08    1.86e-06
2003 03 03  2129   52701  77340     4.89e-08    1.84e-06
2003 03 03  2130   52701  77400     4.81e-08    1.82e-06
2003 03 03  2131   52701  77460     4.73e-08    1.81e-06
2003 03 03  2132   52701  77520     4.64e-08    1.78e-06
2003 03 03  2133   52701  77580     4.69e-08    1.78e-06
2003 03 03  2134   52701  77640     4.54e-08    1.76e-06
2003 03 03  2135   52701  77700     4.37e-08    1.74e-06
2003 03 03  2136   52701  77760     4.28e-08    1.70e-06
2003 03 03  2137   52701  77820     4.17e-08    1.67e-06
2003 03 03  2138   52701  77880     4.09e-08    1.65e-06
2003 03 03  2139   52701  77940     4.02e-08    1.64e-06
2003 03 03  2140   52701  78000     3.92e-08    1.63e-06
2003 03 03  2141   52701  78060     3.87e-08    1.62e-06
2003 03 03  2142   52701  78120     3.76e-08    1.60e-06
2003 03 03  2143   52701  78180     3.67e-08    1.58e-06
2003 03 03  2144   52701  78240     3.58e-08    1.54e-06
2003 03 03  2145   52701  78300     3.50e-08    1.54e-06
2003 03 03  2146   52701  78360     3.45e-08    1.52e-06
2003 03 03  2147   52701  78420     3.40e-08    1.51e-06
2003 03 03  2148   52701  78480     3.31e-08    1.49e-06
2003 03 03  2149   52701  78540     3.23e-08    1.49e-06
2003 03 03  2150   52701  78600     3.20e-08    1.46e-06
2003 03 03  2151   52701  78660     3.10e-08    1.44e-06
2003 03 03  2152   52701  78720     3.00e-08    1.43e-06
2003 03 03  2153   52701  78780     2.91e-08    1.41e-06
2003 03 03  2154   52701  78840     2.86e-08    1.39e-06
2003 03 03  2155   52701  78900     2.83e-08    1.37e-06
2003 03 03  2156   52701  78960     2.76e-08    1.36e-06
2003 03 03  2157   52701  79020     2.73e-08    1.35e-06
2003 03 03  2158   52701  79080     2.67e-08    1.33e-06
2003 03 03  2159   52701  79140     2.62e-08    1.32e-06
2003 03 03  2200   52701  79200     2.57e-08    1.32e-06
2003 03 03  2201   52701  79260     2.47e-08    1.30e-06
2003 03 03  2202   52701  79320     2.42e-08    1.28e-06
2003 03 03  2203   52701  79380     2.35e-08    1.27e-06
2003 03 03  2204   52701  79440     2.29e-08    1.26e-06
2003 03 03  2205   52701  79500     2.22e-08    1.24e-06
2003 03 03  2206   52701  79560     2.18e-08    1.22e-06
2003 03 03  2207   52701  79620     2.11e-08    1.21e-06
2003 03 03  2208   52701  79680     2.05e-08    1.18e-06
2003 03 03  2209   52701  79740     2.03e-08    1.17e-06
2003 03 03  2210   52701  79800     1.98e-08    1.16e-06
2003 03 03  2211   52701  79860     1.95e-08    1.15e-06
2003 03 03  2212   52701  79920     1.93e-08    1.14e-06
2003 03 03  2213   52701  79980     1.87e-08    1.13e-06
2003 03 03  2214   52701  80040     1.86e-08    1.12e-06
2003 03 03  2215   52701  80100     1.78e-08    1.11e-06
2003 03 03  2216   52701  80160     1.76e-08    1.10e-06
2003 03 03  2217   52701  80220     1.78e-08    1.10e-06
2003 03 03  2218   52701  80280     1.71e-08    1.09e-06
2003 03 03  2219   52701  80340     1.65e-08    1.07e-06
2003 03 03  2220   52701  80400     1.61e-08    1.06e-06
2003 03 03  2221   52701  80460     1.56e-08    1.05e-06
2003 03 03  2222   52701  80520     1.54e-08    1.04e-06
2003 03 03  2223   52701  80580     1.48e-08    1.03e-06
2003 03 03  2224   52701  80640     1.43e-08    1.02e-06
2003 03 03  2225   52701  80700     1.39e-08    1.01e-06
2003 03 03  2226   52701  80760     1.35e-08    9.95e-07
2003 03 03  2227   52701  80820     1.34e-08    9.91e-07
2003 03 03  2228   52701  80880     1.32e-08    9.87e-07
2003 03 03  2229   52701  80940     1.33e-08    9.75e-07
2003 03 03  2230   52701  81000     1.29e-08    9.67e-07
2003 03 03  2231   52701  81060     1.29e-08    9.66e-07
2003 03 03  2232   52701  81120     1.27e-08    9.63e-07
2003 03 03  2233   52701  81180     1.28e-08    9.61e-07
2003 03 03  2234   52701  81240     1.21e-08    9.60e-07
2003 03 03  2235   52701  81300     1.23e-08    9.56e-07
2003 03 03  2236   52701  81360     1.22e-08    9.50e-07
2003 03 03  2237   52701  81420     1.11e-08    9.37e-07
2003 03 03  2238   52701  81480     1.09e-08    9.23e-07
2003 03 03  2239   52701  81540     1.04e-08    9.11e-07
2003 03 03  2240   52701  81600     9.84e-09    8.98e-07
2003 03 03  2241   52701  81660     9.80e-09    8.86e-07
2003 03 03  2242   52701  81720     9.14e-09    8.75e-07
2003 03 03  2243   52701  81780     9.17e-09    8.65e-07
2003 03 03  2244   52701  81840     8.47e-09    8.57e-07
2003 03 03  2245   52701  81900     8.47e-09    8.47e-07
2003 03 03  2246   52701  81960     8.01e-09    8.37e-07
2003 03 03  2247   52701  82020     7.73e-09    8.26e-07
2003 03 03  2248   52701  82080     7.70e-09    8.16e-07
2003 03 03  2249   52701  82140     7.51e-09    8.09e-07
2003 03 03  2250   52701  82200     6.90e-09    8.00e-07
2003 03 03  2251   52701  82260     6.77e-09    7.91e-07
2003 03 03  2252   52701  82320     6.50e-09    7.81e-07
2003 03 03  2253   52701  82380     6.95e-09    7.85e-07
2003 03 03  2254   52701  82440     7.27e-09    7.89e-07
2003 03 03  2255   52701  82500     6.80e-09    7.81e-07
2003 03 03  2256   52701  82560     6.33e-09    7.70e-07
2003 03 03  2257   52701  82620     6.13e-09    7.61e-07
2003 03 03  2258   52701  82680     5.62e-09    7.52e-07
2003 03 03  2259   52701  82740     5.34e-09    7.44e-07
2003 03 03  2300   52701  82800     5.34e-09    7.39e-07
2003 03 03  2301   52701  82860     4.82e-09    7.29e-07
2003 03 03  2302   52701  82920     4.62e-09    7.22e-07
2003 03 03  2303   52701  82980     4.15e-09    7.16e-07
2003 03 03  2304   52701  83040     4.19e-09    7.09e-07
2003 03 03  2305   52701  83100     4.29e-09    7.03e-07
2003 03 03  2306   52701  83160     4.02e-09    6.97e-07
2003 03 03  2307   52701  83220     4.03e-09    6.91e-07
2003 03 03  2308   52701  83280     3.87e-09    6.85e-07
2003 03 03  2309   52701  83340     3.53e-09    6.80e-07
2003 03 03  2310   52701  83400     3.72e-09    6.73e-07
2003 03 03  2311   52701  83460     3.63e-09    6.68e-07
2003 03 03  2312   52701  83520     3.65e-09    6.63e-07
2003 03 03  2313   52701  83580     3.38e-09    6.59e-07
2003 03 03  2314   52701  83640     3.54e-09    6.57e-07
2003 03 03  2315   52701  83700     3.32e-09    6.55e-07
2003 03 03  2316   52701  83760     3.55e-09    6.55e-07
2003 03 03  2317   52701  83820     3.38e-09    6.53e-07
2003 03 03  2318   52701  83880     3.51e-09    6.51e-07
2003 03 03  2319   52701  83940     3.29e-09    6.47e-07
2003 03 03  2320   52701  84000     3.43e-09    6.44e-07
2003 03 03  2321   52701  84060     3.23e-09    6.40e-07
2003 03 03  2322   52701  84120     3.26e-09    6.33e-07
2003 03 03  2323   52701  84180     2.95e-09    6.27e-07
2003 03 03  2324   52701  84240     2.99e-09    6.24e-07
2003 03 03  2325   52701  84300     3.03e-09    6.19e-07
2003 03 03  2326   52701  84360     2.70e-09    6.14e-07
2003 03 03  2327   52701  84420     2.38e-09    6.08e-07
2003 03 03  2328   52701  84480     2.69e-09    6.03e-07
2003 03 03  2329   52701  84540     2.67e-09    5.99e-07
2003 03 03  2330   52701  84600     2.47e-09    5.97e-07
2003 03 03  2331   52701  84660     2.33e-09    5.93e-07
2003 03 03  2332   52701  84720     2.23e-09    5.89e-07
2003 03 03  2333   52701  84780     1.95e-09    5.86e-07
2003 03 03  2334   52701  84840     1.90e-09    5.81e-07
2003 03 03  2335   52701  84900     2.03e-09    5.80e-07
2003 03 03  2336   52701  84960     2.67e-09    5.81e-07
2003 03 03  2337   52701  85020     2.20e-09    5.79e-07
2003 03 03  2338   52701  85080     2.02e-09    5.76e-07
2003 03 03  2339   52701  85140     2.05e-09    5.76e-07
2003 03 03  2340   52701  85200     2.16e-09    5.72e-07
2003 03 03  2341   52701  85260     1.87e-09    5.67e-07
2003 03 03  2342   52701  85320     1.77e-09    5.62e-07
2003 03 03  2343   52701  85380     1.91e-09    5.58e-07
2003 03 03  2344   52701  85440     1.92e-09    5.53e-07
2003 03 03  2345   52701  85500     2.17e-09    5.48e-07
2003 03 03  2346   52701  85560     2.01e-09    5.44e-07
2003 03 03  2347   52701  85620     1.85e-09    5.43e-07
2003 03 03  2348   52701  85680     2.13e-09    5.42e-07
2003 03 03  2349   52701  85740     1.95e-09    5.41e-07
2003 03 03  2350   52701  85800     1.47e-09    5.37e-07
2003 03 03  2351   52701  85860     1.45e-09    5.35e-07
2003 03 03  2352   52701  85920     1.45e-09    5.31e-07
2003 03 03  2353   52701  85980     1.40e-09    5.29e-07
2003 03 03  2354   52701  86040     1.40e-09    5.28e-07
2003 03 03  2355   52701  86100     2.55e-09    5.48e-07
2003 03 03  2356   52701  86160     2.21e-09    5.52e-07
2003 03 03  2357   52701  86220     1.42e-09    5.42e-07
2003 03 03  2358   52701  86280     1.40e-09    5.34e-07
2003 03 03  2359   52701  86340     1.39e-09    5.26e-07
