:Data_list: 20030303_G10xr_1m.txt
:Created: 2003 Mar 04 0010 UTC
# Prepared by the U.S. Dept. of Commerce, NOAA, Space Environment Center.
# Please send comments and suggestions to sec@sec.noaa.gov 
# 
# Label: Short = 0.05- 0.4 nanometer
# Label: Long  = 0.1 - 0.8 nanometer
# Units: Short = Watts per meter squared
# Units: Long  = Watts per meter squared
# Source: GOES-10
# Location: W135
# Missing data: -1.00e+05
#
#         1-minute GOES-10 Solar X-ray Flux
# 
#                 Modified Seconds
# UTC Date  Time   Julian  of the
# YR MO DA  HHMM    Day     Day       Short       Long
#-------------------------------------------------------
2003 03 03  0000   52701      0     9.09e-09    5.57e-07
2003 03 03  0001   52701     60     9.09e-09    5.53e-07
2003 03 03  0002   52701    120     9.09e-09    5.52e-07
2003 03 03  0003   52701    180     9.09e-09    5.50e-07
2003 03 03  0004   52701    240     9.09e-09    5.48e-07
2003 03 03  0005   52701    300     9.09e-09    5.45e-07
2003 03 03  0006   52701    360     9.09e-09    5.51e-07
2003 03 03  0007   52701    420     9.79e-09    5.73e-07
2003 03 03  0008   52701    480     1.11e-08    6.05e-07
2003 03 03  0009   52701    540     1.10e-08    6.02e-07
2003 03 03  0010   52701    600     1.06e-08    5.92e-07
2003 03 03  0011   52701    660     9.22e-09    5.79e-07
2003 03 03  0012   52701    720     9.09e-09    5.64e-07
2003 03 03  0013   52701    780     8.93e-09    5.49e-07
2003 03 03  0014   52701    840     7.29e-09    5.38e-07
2003 03 03  0015   52701    900     7.19e-09    5.30e-07
2003 03 03  0016   52701    960     7.19e-09    5.22e-07
2003 03 03  0017   52701   1020     7.20e-09    5.16e-07
2003 03 03  0018   52701   1080     7.21e-09    5.14e-07
2003 03 03  0019   52701   1140     7.20e-09    5.11e-07
2003 03 03  0020   52701   1200     7.19e-09    5.08e-07
2003 03 03  0021   52701   1260     7.19e-09    5.11e-07
2003 03 03  0022   52701   1320     7.23e-09    5.15e-07
2003 03 03  0023   52701   1380     7.23e-09    5.15e-07
2003 03 03  0024   52701   1440     7.19e-09    5.12e-07
2003 03 03  0025   52701   1500     7.19e-09    5.11e-07
2003 03 03  0026   52701   1560     7.19e-09    5.14e-07
2003 03 03  0027   52701   1620     7.19e-09    5.14e-07
2003 03 03  0028   52701   1680     7.19e-09    5.15e-07
2003 03 03  0029   52701   1740     7.20e-09    5.15e-07
2003 03 03  0030   52701   1800     7.21e-09    5.15e-07
2003 03 03  0031   52701   1860     7.23e-09    5.15e-07
2003 03 03  0032   52701   1920     7.19e-09    5.15e-07
2003 03 03  0033   52701   1980     7.19e-09    5.15e-07
2003 03 03  0034   52701   2040     7.19e-09    5.19e-07
2003 03 03  0035   52701   2100     7.19e-09    5.24e-07
2003 03 03  0036   52701   2160     7.50e-09    5.34e-07
2003 03 03  0037   52701   2220     8.16e-09    5.42e-07
2003 03 03  0038   52701   2280     8.67e-09    5.47e-07
2003 03 03  0039   52701   2340     8.51e-09    5.47e-07
2003 03 03  0040   52701   2400     7.21e-09    5.40e-07
2003 03 03  0041   52701   2460     7.29e-09    5.37e-07
2003 03 03  0042   52701   2520     7.19e-09    5.36e-07
2003 03 03  0043   52701   2580     7.79e-09    5.39e-07
2003 03 03  0044   52701   2640     8.25e-09    5.44e-07
2003 03 03  0045   52701   2700     7.50e-09    5.44e-07
2003 03 03  0046   52701   2760     8.32e-09    5.47e-07
2003 03 03  0047   52701   2820     9.05e-09    5.51e-07
2003 03 03  0048   52701   2880     9.10e-09    5.55e-07
2003 03 03  0049   52701   2940     9.01e-09    5.54e-07
2003 03 03  0050   52701   3000     7.85e-09    5.51e-07
2003 03 03  0051   52701   3060     7.20e-09    5.44e-07
2003 03 03  0052   52701   3120     7.23e-09    5.41e-07
2003 03 03  0053   52701   3180     7.23e-09    5.36e-07
2003 03 03  0054   52701   3240     7.19e-09    5.34e-07
2003 03 03  0055   52701   3300     7.19e-09    5.34e-07
2003 03 03  0056   52701   3360     7.19e-09    5.33e-07
2003 03 03  0057   52701   3420     7.19e-09    5.29e-07
2003 03 03  0058   52701   3480     7.19e-09    5.23e-07
2003 03 03  0059   52701   3540     7.19e-09    5.22e-07
2003 03 03  0100   52701   3600     7.23e-09    5.20e-07
2003 03 03  0101   52701   3660     7.19e-09    5.15e-07
2003 03 03  0102   52701   3720     7.21e-09    5.17e-07
2003 03 03  0103   52701   3780     7.19e-09    5.20e-07
2003 03 03  0104   52701   3840     7.19e-09    5.19e-07
2003 03 03  0105   52701   3900     7.19e-09    5.12e-07
2003 03 03  0106   52701   3960     7.21e-09    5.02e-07
2003 03 03  0107   52701   4020     6.09e-09    4.93e-07
2003 03 03  0108   52701   4080     5.88e-09    4.86e-07
2003 03 03  0109   52701   4140     7.43e-09    4.98e-07
2003 03 03  0110   52701   4200     8.70e-09    5.25e-07
2003 03 03  0111   52701   4260     7.19e-09    5.06e-07
2003 03 03  0112   52701   4320     7.15e-09    4.91e-07
2003 03 03  0113   52701   4380     5.80e-09    4.82e-07
2003 03 03  0114   52701   4440     5.42e-09    4.78e-07
2003 03 03  0115   52701   4500     7.21e-09    4.91e-07
2003 03 03  0116   52701   4560     9.27e-09    5.28e-07
2003 03 03  0117   52701   4620     9.11e-09    5.35e-07
2003 03 03  0118   52701   4680     7.80e-09    5.23e-07
2003 03 03  0119   52701   4740     7.21e-09    5.10e-07
2003 03 03  0120   52701   4800     7.19e-09    5.02e-07
2003 03 03  0121   52701   4860     7.19e-09    4.97e-07
2003 03 03  0122   52701   4920     7.19e-09    4.91e-07
2003 03 03  0123   52701   4980     7.19e-09    4.86e-07
2003 03 03  0124   52701   5040     7.19e-09    4.86e-07
2003 03 03  0125   52701   5100     7.19e-09    4.85e-07
2003 03 03  0126   52701   5160     7.19e-09    4.79e-07
2003 03 03  0127   52701   5220     7.19e-09    4.79e-07
2003 03 03  0128   52701   5280     7.19e-09    4.84e-07
2003 03 03  0129   52701   5340     8.20e-09    5.03e-07
2003 03 03  0130   52701   5400     7.64e-09    5.08e-07
2003 03 03  0131   52701   5460     7.19e-09    5.02e-07
2003 03 03  0132   52701   5520     7.19e-09    4.99e-07
2003 03 03  0133   52701   5580     7.19e-09    4.94e-07
2003 03 03  0134   52701   5640     7.19e-09    4.88e-07
2003 03 03  0135   52701   5700     7.19e-09    4.80e-07
2003 03 03  0136   52701   5760     7.08e-09    4.71e-07
2003 03 03  0137   52701   5820     6.64e-09    4.66e-07
2003 03 03  0138   52701   5880     5.68e-09    4.60e-07
2003 03 03  0139   52701   5940     5.86e-09    4.58e-07
2003 03 03  0140   52701   6000     6.62e-09    4.61e-07
2003 03 03  0141   52701   6060     5.44e-09    4.55e-07
2003 03 03  0142   52701   6120     5.33e-09    4.50e-07
2003 03 03  0143   52701   6180     5.97e-09    4.53e-07
2003 03 03  0144   52701   6240     8.00e-09    4.80e-07
2003 03 03  0145   52701   6300     7.37e-09    4.82e-07
2003 03 03  0146   52701   6360     7.19e-09    4.69e-07
2003 03 03  0147   52701   6420     6.72e-09    4.59e-07
2003 03 03  0148   52701   6480     5.31e-09    4.51e-07
2003 03 03  0149   52701   6540     5.32e-09    4.45e-07
2003 03 03  0150   52701   6600     5.32e-09    4.41e-07
2003 03 03  0151   52701   6660     5.29e-09    4.35e-07
2003 03 03  0152   52701   6720     5.29e-09    4.29e-07
2003 03 03  0153   52701   6780     5.29e-09    4.23e-07
2003 03 03  0154   52701   6840     5.29e-09    4.22e-07
2003 03 03  0155   52701   6900     5.31e-09    4.25e-07
2003 03 03  0156   52701   6960     5.29e-09    4.29e-07
2003 03 03  0157   52701   7020     5.31e-09    4.25e-07
2003 03 03  0158   52701   7080     5.29e-09    4.21e-07
2003 03 03  0159   52701   7140     5.29e-09    4.15e-07
2003 03 03  0200   52701   7200     5.29e-09    4.14e-07
2003 03 03  0201   52701   7260     5.29e-09    4.09e-07
2003 03 03  0202   52701   7320     5.29e-09    4.07e-07
2003 03 03  0203   52701   7380     5.29e-09    4.07e-07
2003 03 03  0204   52701   7440     5.29e-09    4.07e-07
2003 03 03  0205   52701   7500     5.29e-09    4.07e-07
2003 03 03  0206   52701   7560     5.29e-09    4.05e-07
2003 03 03  0207   52701   7620     5.29e-09    4.03e-07
2003 03 03  0208   52701   7680     5.29e-09    4.01e-07
2003 03 03  0209   52701   7740     5.29e-09    4.00e-07
2003 03 03  0210   52701   7800     5.29e-09    4.00e-07
2003 03 03  0211   52701   7860     5.29e-09    4.00e-07
2003 03 03  0212   52701   7920     5.29e-09    4.00e-07
2003 03 03  0213   52701   7980     5.29e-09    4.00e-07
2003 03 03  0214   52701   8040     5.29e-09    4.00e-07
2003 03 03  0215   52701   8100     5.29e-09    4.00e-07
2003 03 03  0216   52701   8160     5.31e-09    4.05e-07
2003 03 03  0217   52701   8220     6.02e-09    4.22e-07
2003 03 03  0218   52701   8280     7.16e-09    4.35e-07
2003 03 03  0219   52701   8340     5.58e-09    4.34e-07
2003 03 03  0220   52701   8400     5.29e-09    4.25e-07
2003 03 03  0221   52701   8460     5.29e-09    4.16e-07
2003 03 03  0222   52701   8520     5.29e-09    4.14e-07
2003 03 03  0223   52701   8580     5.31e-09    4.14e-07
2003 03 03  0224   52701   8640     5.29e-09    4.14e-07
2003 03 03  0225   52701   8700     5.29e-09    4.18e-07
2003 03 03  0226   52701   8760     5.29e-09    4.22e-07
2003 03 03  0227   52701   8820     5.29e-09    4.23e-07
2003 03 03  0228   52701   8880     5.29e-09    4.26e-07
2003 03 03  0229   52701   8940     5.31e-09    4.23e-07
2003 03 03  0230   52701   9000     5.29e-09    4.21e-07
2003 03 03  0231   52701   9060     5.32e-09    4.21e-07
2003 03 03  0232   52701   9120     5.42e-09    4.28e-07
2003 03 03  0233   52701   9180     6.98e-09    4.43e-07
2003 03 03  0234   52701   9240     7.19e-09    4.43e-07
2003 03 03  0235   52701   9300     7.19e-09    4.43e-07
2003 03 03  0236   52701   9360     6.56e-09    4.38e-07
2003 03 03  0237   52701   9420     5.44e-09    4.33e-07
2003 03 03  0238   52701   9480     5.29e-09    4.29e-07
2003 03 03  0239   52701   9540     5.31e-09    4.27e-07
2003 03 03  0240   52701   9600     5.29e-09    4.22e-07
2003 03 03  0241   52701   9660     5.29e-09    4.22e-07
2003 03 03  0242   52701   9720     5.29e-09    4.22e-07
2003 03 03  0243   52701   9780     5.29e-09    4.21e-07
2003 03 03  0244   52701   9840     5.29e-09    4.22e-07
2003 03 03  0245   52701   9900     5.31e-09    4.31e-07
2003 03 03  0246   52701   9960     5.34e-09    4.36e-07
2003 03 03  0247   52701  10020     6.73e-09    4.41e-07
2003 03 03  0248   52701  10080     7.85e-09    4.61e-07
2003 03 03  0249   52701  10140     9.48e-09    4.84e-07
2003 03 03  0250   52701  10200     9.09e-09    4.88e-07
2003 03 03  0251   52701  10260     8.99e-09    4.83e-07
2003 03 03  0252   52701  10320     7.25e-09    4.74e-07
2003 03 03  0253   52701  10380     7.24e-09    4.78e-07
2003 03 03  0254   52701  10440     7.19e-09    4.73e-07
2003 03 03  0255   52701  10500     7.19e-09    4.72e-07
2003 03 03  0256   52701  10560     7.19e-09    4.76e-07
2003 03 03  0257   52701  10620     7.52e-09    4.91e-07
2003 03 03  0258   52701  10680     6.98e-09    4.71e-07
2003 03 03  0259   52701  10740     5.36e-09    4.55e-07
2003 03 03  0300   52701  10800     5.31e-09    4.45e-07
2003 03 03  0301   52701  10860     5.29e-09    4.36e-07
2003 03 03  0302   52701  10920     5.29e-09    4.35e-07
2003 03 03  0303   52701  10980     5.29e-09    4.29e-07
2003 03 03  0304   52701  11040     5.29e-09    4.23e-07
2003 03 03  0305   52701  11100     5.29e-09    4.21e-07
2003 03 03  0306   52701  11160     5.29e-09    4.18e-07
2003 03 03  0307   52701  11220     5.29e-09    4.16e-07
2003 03 03  0308   52701  11280     5.29e-09    4.15e-07
2003 03 03  0309   52701  11340     5.29e-09    4.14e-07
2003 03 03  0310   52701  11400     5.14e-09    4.09e-07
2003 03 03  0311   52701  11460     4.93e-09    4.07e-07
2003 03 03  0312   52701  11520     4.57e-09    4.06e-07
2003 03 03  0313   52701  11580     4.56e-09    4.05e-07
2003 03 03  0314   52701  11640     4.59e-09    4.02e-07
2003 03 03  0315   52701  11700     4.88e-09    4.01e-07
2003 03 03  0316   52701  11760     4.66e-09    4.01e-07
2003 03 03  0317   52701  11820     4.89e-09    4.02e-07
2003 03 03  0318   52701  11880     4.64e-09    4.02e-07
2003 03 03  0319   52701  11940     5.17e-09    4.06e-07
2003 03 03  0320   52701  12000     5.29e-09    4.09e-07
2003 03 03  0321   52701  12060     5.87e-09    4.28e-07
2003 03 03  0322   52701  12120     7.19e-09    4.52e-07
2003 03 03  0323   52701  12180     8.89e-09    4.81e-07
2003 03 03  0324   52701  12240     7.63e-09    4.80e-07
2003 03 03  0325   52701  12300     7.17e-09    4.67e-07
2003 03 03  0326   52701  12360     7.17e-09    4.73e-07
2003 03 03  0327   52701  12420     8.70e-09    5.05e-07
2003 03 03  0328   52701  12480     7.67e-09    5.04e-07
2003 03 03  0329   52701  12540     7.19e-09    4.84e-07
2003 03 03  0330   52701  12600     6.57e-09    4.66e-07
2003 03 03  0331   52701  12660     6.38e-09    4.57e-07
2003 03 03  0332   52701  12720     7.19e-09    4.66e-07
2003 03 03  0333   52701  12780     7.56e-09    4.82e-07
2003 03 03  0334   52701  12840     8.76e-09    4.97e-07
2003 03 03  0335   52701  12900     7.22e-09    4.92e-07
2003 03 03  0336   52701  12960     7.19e-09    4.84e-07
2003 03 03  0337   52701  13020     7.15e-09    4.77e-07
2003 03 03  0338   52701  13080     6.11e-09    4.69e-07
2003 03 03  0339   52701  13140     5.32e-09    4.61e-07
2003 03 03  0340   52701  13200     5.29e-09    4.54e-07
2003 03 03  0341   52701  13260     5.29e-09    4.50e-07
2003 03 03  0342   52701  13320     5.29e-09    4.50e-07
2003 03 03  0343   52701  13380     5.29e-09    4.50e-07
2003 03 03  0344   52701  13440     5.34e-09    4.58e-07
2003 03 03  0345   52701  13500     5.56e-09    4.64e-07
2003 03 03  0346   52701  13560     7.22e-09    4.74e-07
2003 03 03  0347   52701  13620     6.02e-09    4.65e-07
2003 03 03  0348   52701  13680     5.31e-09    4.57e-07
2003 03 03  0349   52701  13740     6.37e-09    4.70e-07
2003 03 03  0350   52701  13800     8.79e-09    4.96e-07
2003 03 03  0351   52701  13860     7.19e-09    4.86e-07
2003 03 03  0352   52701  13920     6.89e-09    4.68e-07
2003 03 03  0353   52701  13980     5.42e-09    4.58e-07
2003 03 03  0354   52701  14040     5.35e-09    4.47e-07
2003 03 03  0355   52701  14100     5.31e-09    4.36e-07
2003 03 03  0356   52701  14160     6.13e-09    4.41e-07
2003 03 03  0357   52701  14220     7.19e-09    4.50e-07
2003 03 03  0358   52701  14280     7.19e-09    4.53e-07
2003 03 03  0359   52701  14340     7.19e-09    4.50e-07
2003 03 03  0400   52701  14400     6.01e-09    4.42e-07
2003 03 03  0401   52701  14460     5.35e-09    4.33e-07
2003 03 03  0402   52701  14520     5.29e-09    4.26e-07
2003 03 03  0403   52701  14580     5.30e-09    4.21e-07
2003 03 03  0404   52701  14640     5.30e-09    4.21e-07
2003 03 03  0405   52701  14700     5.30e-09    4.18e-07
2003 03 03  0406   52701  14760     5.29e-09    4.19e-07
2003 03 03  0407   52701  14820     5.29e-09    4.12e-07
2003 03 03  0408   52701  14880     5.27e-09    4.04e-07
2003 03 03  0409   52701  14940     4.41e-09    3.96e-07
2003 03 03  0410   52701  15000     3.84e-09    3.93e-07
2003 03 03  0411   52701  15060     3.62e-09    3.90e-07
2003 03 03  0412   52701  15120     3.65e-09    3.86e-07
2003 03 03  0413   52701  15180     3.41e-09    3.84e-07
2003 03 03  0414   52701  15240     3.39e-09    3.79e-07
2003 03 03  0415   52701  15300     3.46e-09    3.79e-07
2003 03 03  0416   52701  15360     3.95e-09    3.85e-07
2003 03 03  0417   52701  15420     3.44e-09    3.85e-07
2003 03 03  0418   52701  15480     3.42e-09    3.81e-07
2003 03 03  0419   52701  15540     3.45e-09    3.79e-07
2003 03 03  0420   52701  15600     3.94e-09    3.82e-07
2003 03 03  0421   52701  15660     5.22e-09    3.87e-07
2003 03 03  0422   52701  15720     5.30e-09    3.92e-07
2003 03 03  0423   52701  15780     5.29e-09    3.94e-07
2003 03 03  0424   52701  15840     5.29e-09    3.97e-07
2003 03 03  0425   52701  15900     5.29e-09    3.98e-07
2003 03 03  0426   52701  15960     5.29e-09    3.98e-07
2003 03 03  0427   52701  16020     5.29e-09    3.93e-07
2003 03 03  0428   52701  16080     5.27e-09    3.93e-07
2003 03 03  0429   52701  16140     5.11e-09    3.93e-07
2003 03 03  0430   52701  16200     4.14e-09    3.90e-07
2003 03 03  0431   52701  16260     3.55e-09    3.87e-07
2003 03 03  0432   52701  16320     3.48e-09    3.86e-07
2003 03 03  0433   52701  16380     4.28e-09    3.88e-07
2003 03 03  0434   52701  16440     5.25e-09    3.97e-07
2003 03 03  0435   52701  16500     5.29e-09    4.00e-07
2003 03 03  0436   52701  16560     5.29e-09    4.06e-07
2003 03 03  0437   52701  16620     5.29e-09    4.07e-07
2003 03 03  0438   52701  16680     5.29e-09    4.07e-07
2003 03 03  0439   52701  16740     5.29e-09    4.03e-07
2003 03 03  0440   52701  16800     5.09e-09    3.99e-07
2003 03 03  0441   52701  16860     3.84e-09    3.93e-07
2003 03 03  0442   52701  16920     4.00e-09    3.92e-07
2003 03 03  0443   52701  16980     3.60e-09    3.86e-07
2003 03 03  0444   52701  17040     3.42e-09    3.86e-07
2003 03 03  0445   52701  17100     3.42e-09    3.81e-07
2003 03 03  0446   52701  17160     3.42e-09    3.78e-07
2003 03 03  0447   52701  17220     3.40e-09    3.76e-07
2003 03 03  0448   52701  17280     3.39e-09    3.72e-07
2003 03 03  0449   52701  17340     3.39e-09    3.71e-07
2003 03 03  0450   52701  17400     3.42e-09    3.71e-07
2003 03 03  0451   52701  17460     3.39e-09    3.71e-07
2003 03 03  0452   52701  17520     3.42e-09    3.71e-07
2003 03 03  0453   52701  17580     3.40e-09    3.71e-07
2003 03 03  0454   52701  17640     4.17e-09    3.76e-07
2003 03 03  0455   52701  17700     4.93e-09    3.78e-07
2003 03 03  0456   52701  17760     5.06e-09    3.79e-07
2003 03 03  0457   52701  17820     4.83e-09    3.80e-07
2003 03 03  0458   52701  17880     3.95e-09    3.78e-07
2003 03 03  0459   52701  17940     3.50e-09    3.78e-07
2003 03 03  0500   52701  18000     3.47e-09    3.78e-07
2003 03 03  0501   52701  18060     3.74e-09    3.78e-07
2003 03 03  0502   52701  18120     5.14e-09    3.85e-07
2003 03 03  0503   52701  18180     5.16e-09    3.86e-07
2003 03 03  0504   52701  18240     5.25e-09    3.86e-07
2003 03 03  0505   52701  18300     5.16e-09    3.88e-07
2003 03 03  0506   52701  18360     4.47e-09    3.86e-07
2003 03 03  0507   52701  18420     3.50e-09    3.83e-07
2003 03 03  0508   52701  18480     3.45e-09    3.78e-07
2003 03 03  0509   52701  18540     3.42e-09    3.76e-07
2003 03 03  0510   52701  18600     3.39e-09    3.71e-07
2003 03 03  0511   52701  18660     3.40e-09    3.71e-07
2003 03 03  0512   52701  18720     3.39e-09    3.71e-07
2003 03 03  0513   52701  18780     3.45e-09    3.71e-07
2003 03 03  0514   52701  18840     3.48e-09    3.71e-07
2003 03 03  0515   52701  18900     3.44e-09    3.71e-07
2003 03 03  0516   52701  18960     3.39e-09    3.71e-07
2003 03 03  0517   52701  19020     3.42e-09    3.71e-07
2003 03 03  0518   52701  19080     3.44e-09    3.74e-07
2003 03 03  0519   52701  19140     4.51e-09    3.82e-07
2003 03 03  0520   52701  19200     5.33e-09    3.99e-07
2003 03 03  0521   52701  19260     5.77e-09    4.16e-07
2003 03 03  0522   52701  19320     8.45e-09    4.65e-07
2003 03 03  0523   52701  19380     1.03e-08    4.98e-07
2003 03 03  0524   52701  19440     7.57e-09    4.65e-07
2003 03 03  0525   52701  19500     7.20e-09    4.63e-07
2003 03 03  0526   52701  19560     9.08e-09    4.92e-07
2003 03 03  0527   52701  19620     1.04e-08    5.14e-07
2003 03 03  0528   52701  19680     9.21e-09    5.02e-07
2003 03 03  0529   52701  19740     7.23e-09    4.70e-07
2003 03 03  0530   52701  19800     5.91e-09    4.44e-07
2003 03 03  0531   52701  19860     5.28e-09    4.32e-07
2003 03 03  0532   52701  19920     5.28e-09    4.27e-07
2003 03 03  0533   52701  19980     5.29e-09    4.21e-07
2003 03 03  0534   52701  20040     5.29e-09    4.15e-07
2003 03 03  0535   52701  20100     5.28e-09    4.14e-07
2003 03 03  0536   52701  20160     5.29e-09    4.14e-07
2003 03 03  0537   52701  20220     5.29e-09    4.09e-07
2003 03 03  0538   52701  20280     5.66e-09    4.14e-07
2003 03 03  0539   52701  20340     7.19e-09    4.39e-07
2003 03 03  0540   52701  20400     6.49e-09    4.36e-07
2003 03 03  0541   52701  20460     5.32e-09    4.32e-07
2003 03 03  0542   52701  20520     5.29e-09    4.24e-07
2003 03 03  0543   52701  20580     5.32e-09    4.21e-07
2003 03 03  0544   52701  20640     5.29e-09    4.20e-07
2003 03 03  0545   52701  20700     5.29e-09    4.15e-07
2003 03 03  0546   52701  20760     5.29e-09    4.14e-07
2003 03 03  0547   52701  20820     5.29e-09    4.08e-07
2003 03 03  0548   52701  20880     5.29e-09    4.07e-07
2003 03 03  0549   52701  20940     5.28e-09    4.07e-07
2003 03 03  0550   52701  21000     5.28e-09    4.04e-07
2003 03 03  0551   52701  21060     5.25e-09    4.00e-07
2003 03 03  0552   52701  21120     4.56e-09    3.99e-07
2003 03 03  0553   52701  21180     4.49e-09    3.94e-07
2003 03 03  0554   52701  21240     5.12e-09    3.98e-07
2003 03 03  0555   52701  21300     5.29e-09    4.11e-07
2003 03 03  0556   52701  21360     5.40e-09    4.20e-07
2003 03 03  0557   52701  21420     5.28e-09    4.09e-07
2003 03 03  0558   52701  21480     5.20e-09    4.00e-07
2003 03 03  0559   52701  21540     4.65e-09    3.93e-07
2003 03 03  0600   52701  21600     5.11e-09    3.96e-07
2003 03 03  0601   52701  21660     5.29e-09    4.03e-07
2003 03 03  0602   52701  21720     5.32e-09    4.12e-07
2003 03 03  0603   52701  21780     5.55e-09    4.24e-07
2003 03 03  0604   52701  21840     5.30e-09    4.19e-07
2003 03 03  0605   52701  21900     5.28e-09    4.10e-07
2003 03 03  0606   52701  21960     5.28e-09    4.05e-07
2003 03 03  0607   52701  22020     4.98e-09    4.00e-07
2003 03 03  0608   52701  22080     4.51e-09    3.98e-07
2003 03 03  0609   52701  22140     3.81e-09    3.93e-07
2003 03 03  0610   52701  22200     3.47e-09    3.93e-07
2003 03 03  0611   52701  22260     3.91e-09    3.94e-07
2003 03 03  0612   52701  22320     5.09e-09    4.00e-07
2003 03 03  0613   52701  22380     5.22e-09    4.00e-07
2003 03 03  0614   52701  22440     5.23e-09    4.00e-07
2003 03 03  0615   52701  22500     5.28e-09    4.04e-07
2003 03 03  0616   52701  22560     5.33e-09    4.13e-07
2003 03 03  0617   52701  22620     5.35e-09    4.21e-07
2003 03 03  0618   52701  22680     5.28e-09    4.18e-07
2003 03 03  0619   52701  22740     5.30e-09    4.12e-07
2003 03 03  0620   52701  22800     5.28e-09    4.07e-07
2003 03 03  0621   52701  22860     5.19e-09    4.02e-07
2003 03 03  0622   52701  22920     4.98e-09    4.00e-07
2003 03 03  0623   52701  22980     5.01e-09    4.00e-07
2003 03 03  0624   52701  23040     5.25e-09    4.00e-07
2003 03 03  0625   52701  23100     5.29e-09    4.03e-07
2003 03 03  0626   52701  23160     5.29e-09    4.07e-07
2003 03 03  0627   52701  23220     5.29e-09    4.07e-07
2003 03 03  0628   52701  23280     5.28e-09    4.08e-07
2003 03 03  0629   52701  23340     5.28e-09    4.18e-07
2003 03 03  0630   52701  23400     5.28e-09    4.21e-07
2003 03 03  0631   52701  23460     5.28e-09    4.21e-07
2003 03 03  0632   52701  23520     5.37e-09    4.20e-07
2003 03 03  0633   52701  23580     5.28e-09    4.15e-07
2003 03 03  0634   52701  23640     5.28e-09    4.13e-07
2003 03 03  0635   52701  23700     5.28e-09    4.10e-07
2003 03 03  0636   52701  23760     5.28e-09    4.07e-07
2003 03 03  0637   52701  23820     5.28e-09    4.07e-07
2003 03 03  0638   52701  23880     5.28e-09    4.07e-07
2003 03 03  0639   52701  23940     5.27e-09    4.06e-07
2003 03 03  0640   52701  24000     5.16e-09    4.00e-07
2003 03 03  0641   52701  24060     4.72e-09    4.00e-07
2003 03 03  0642   52701  24120     4.10e-09    3.95e-07
2003 03 03  0643   52701  24180     3.99e-09    3.93e-07
2003 03 03  0644   52701  24240     3.47e-09    3.93e-07
2003 03 03  0645   52701  24300     3.42e-09    3.92e-07
2003 03 03  0646   52701  24360     3.43e-09    3.87e-07
2003 03 03  0647   52701  24420     3.47e-09    3.87e-07
2003 03 03  0648   52701  24480     3.53e-09    3.87e-07
2003 03 03  0649   52701  24540     3.40e-09    3.86e-07
2003 03 03  0650   52701  24600     3.45e-09    3.86e-07
2003 03 03  0651   52701  24660     3.42e-09    3.86e-07
2003 03 03  0652   52701  24720     3.39e-09    3.86e-07
2003 03 03  0653   52701  24780     3.40e-09    3.86e-07
2003 03 03  0654   52701  24840     3.39e-09    3.85e-07
2003 03 03  0655   52701  24900     3.39e-09    3.82e-07
2003 03 03  0656   52701  24960     3.42e-09    3.79e-07
2003 03 03  0657   52701  25020     3.43e-09    3.80e-07
2003 03 03  0658   52701  25080     3.40e-09    3.84e-07
2003 03 03  0659   52701  25140     3.43e-09    3.80e-07
2003 03 03  0700   52701  25200     3.38e-09    3.79e-07
2003 03 03  0701   52701  25260     3.39e-09    3.79e-07
2003 03 03  0702   52701  25320     3.43e-09    3.84e-07
2003 03 03  0703   52701  25380     3.42e-09    3.85e-07
2003 03 03  0704   52701  25440     3.45e-09    3.86e-07
2003 03 03  0705   52701  25500     3.68e-09    3.88e-07
2003 03 03  0706   52701  25560     3.97e-09    3.91e-07
2003 03 03  0707   52701  25620     3.82e-09    3.91e-07
2003 03 03  0708   52701  25680     3.71e-09    3.92e-07
2003 03 03  0709   52701  25740     4.07e-09    3.93e-07
2003 03 03  0710   52701  25800     4.34e-09    3.94e-07
2003 03 03  0711   52701  25860     3.99e-09    3.93e-07
2003 03 03  0712   52701  25920     3.81e-09    3.93e-07
2003 03 03  0713   52701  25980     3.53e-09    3.93e-07
2003 03 03  0714   52701  26040     3.48e-09    3.92e-07
2003 03 03  0715   52701  26100     3.73e-09    3.93e-07
2003 03 03  0716   52701  26160     4.70e-09    3.95e-07
2003 03 03  0717   52701  26220     4.93e-09    4.00e-07
2003 03 03  0718   52701  26280     4.24e-09    3.98e-07
2003 03 03  0719   52701  26340     3.79e-09    3.93e-07
2003 03 03  0720   52701  26400     3.86e-09    3.93e-07
2003 03 03  0721   52701  26460     3.53e-09    3.93e-07
2003 03 03  0722   52701  26520     3.55e-09    3.93e-07
2003 03 03  0723   52701  26580     3.38e-09    3.92e-07
2003 03 03  0724   52701  26640     3.42e-09    3.86e-07
2003 03 03  0725   52701  26700     3.42e-09    3.85e-07
2003 03 03  0726   52701  26760     3.39e-09    3.85e-07
2003 03 03  0727   52701  26820     3.38e-09    3.85e-07
2003 03 03  0728   52701  26880     3.40e-09    3.85e-07
2003 03 03  0729   52701  26940     3.38e-09    3.85e-07
2003 03 03  0730   52701  27000     3.38e-09    3.84e-07
2003 03 03  0731   52701  27060     3.38e-09    3.82e-07
2003 03 03  0732   52701  27120     3.42e-09    3.81e-07
2003 03 03  0733   52701  27180     3.40e-09    3.83e-07
2003 03 03  0734   52701  27240     3.39e-09    3.84e-07
2003 03 03  0735   52701  27300     3.39e-09    3.81e-07
2003 03 03  0736   52701  27360     3.40e-09    3.82e-07
2003 03 03  0737   52701  27420     3.39e-09    3.79e-07
2003 03 03  0738   52701  27480     3.39e-09    3.78e-07
2003 03 03  0739   52701  27540     3.39e-09    3.78e-07
2003 03 03  0740   52701  27600     3.40e-09    3.76e-07
2003 03 03  0741   52701  27660     4.02e-09    3.85e-07
2003 03 03  0742   52701  27720     4.49e-09    3.93e-07
2003 03 03  0743   52701  27780     3.48e-09    3.92e-07
2003 03 03  0744   52701  27840     5.27e-09    4.06e-07
2003 03 03  0745   52701  27900     5.28e-09    4.09e-07
2003 03 03  0746   52701  27960     5.28e-09    4.07e-07
2003 03 03  0747   52701  28020     5.28e-09    4.07e-07
2003 03 03  0748   52701  28080     5.23e-09    4.07e-07
2003 03 03  0749   52701  28140     4.46e-09    4.06e-07
2003 03 03  0750   52701  28200     3.63e-09    4.00e-07
2003 03 03  0751   52701  28260     3.66e-09    4.03e-07
2003 03 03  0752   52701  28320     4.31e-09    4.07e-07
2003 03 03  0753   52701  28380     3.76e-09    4.07e-07
2003 03 03  0754   52701  28440     4.30e-09    4.07e-07
2003 03 03  0755   52701  28500     4.62e-09    4.10e-07
2003 03 03  0756   52701  28560     4.34e-09    4.12e-07
2003 03 03  0757   52701  28620     5.09e-09    4.15e-07
2003 03 03  0758   52701  28680     5.17e-09    4.17e-07
2003 03 03  0759   52701  28740     4.08e-09    4.14e-07
2003 03 03  0800   52701  28800     3.47e-09    4.14e-07
2003 03 03  0801   52701  28860     3.40e-09    4.10e-07
2003 03 03  0802   52701  28920     3.38e-09    4.07e-07
2003 03 03  0803   52701  28980     3.38e-09    4.07e-07
2003 03 03  0804   52701  29040     3.38e-09    4.06e-07
2003 03 03  0805   52701  29100     3.38e-09    4.05e-07
2003 03 03  0806   52701  29160     3.40e-09    4.05e-07
2003 03 03  0807   52701  29220     3.42e-09    4.07e-07
2003 03 03  0808   52701  29280     3.38e-09    4.09e-07
2003 03 03  0809   52701  29340     3.41e-09    4.15e-07
2003 03 03  0810   52701  29400     3.43e-09    4.18e-07
2003 03 03  0811   52701  29460     3.38e-09    4.14e-07
2003 03 03  0812   52701  29520     3.38e-09    4.17e-07
2003 03 03  0813   52701  29580     3.68e-09    4.21e-07
2003 03 03  0814   52701  29640     3.53e-09    4.20e-07
2003 03 03  0815   52701  29700     3.42e-09    4.14e-07
2003 03 03  0816   52701  29760     3.45e-09    4.14e-07
2003 03 03  0817   52701  29820     3.42e-09    4.09e-07
2003 03 03  0818   52701  29880     3.42e-09    4.07e-07
2003 03 03  0819   52701  29940     3.42e-09    4.07e-07
2003 03 03  0820   52701  30000     3.39e-09    4.07e-07
2003 03 03  0821   52701  30060     3.69e-09    4.03e-07
2003 03 03  0822   52701  30120     5.28e-09    4.02e-07
2003 03 03  0823   52701  30180     4.80e-09    4.03e-07
2003 03 03  0824   52701  30240     5.20e-09    4.05e-07
2003 03 03  0825   52701  30300     5.20e-09    4.03e-07
2003 03 03  0826   52701  30360     5.28e-09    4.02e-07
2003 03 03  0827   52701  30420     5.28e-09    4.01e-07
2003 03 03  0828   52701  30480     5.28e-09    4.00e-07
2003 03 03  0829   52701  30540     5.28e-09    3.98e-07
2003 03 03  0830   52701  30600     5.28e-09    4.00e-07
2003 03 03  0831   52701  30660     5.28e-09    3.99e-07
2003 03 03  0832   52701  30720     5.27e-09    3.94e-07
2003 03 03  0833   52701  30780     4.18e-09    3.93e-07
2003 03 03  0834   52701  30840     5.19e-09    3.93e-07
2003 03 03  0835   52701  30900     5.04e-09    3.93e-07
2003 03 03  0836   52701  30960     3.65e-09    3.92e-07
2003 03 03  0837   52701  31020     4.88e-09    3.93e-07
2003 03 03  0838   52701  31080     5.28e-09    3.93e-07
2003 03 03  0839   52701  31140     5.28e-09    3.92e-07
2003 03 03  0840   52701  31200     6.74e-09    3.93e-07
2003 03 03  0841   52701  31260     5.35e-09    3.95e-07
2003 03 03  0842   52701  31320     5.30e-09    3.96e-07
2003 03 03  0843   52701  31380     5.28e-09    3.92e-07
2003 03 03  0844   52701  31440     5.28e-09    3.93e-07
2003 03 03  0845   52701  31500     5.78e-09    3.91e-07
2003 03 03  0846   52701  31560     8.91e-09    3.93e-07
2003 03 03  0847   52701  31620     9.16e-09    3.93e-07
2003 03 03  0848   52701  31680     9.46e-09    3.93e-07
2003 03 03  0849   52701  31740     8.93e-09    3.84e-07
2003 03 03  0850   52701  31800    -1.00e+05   -1.00e+05
2003 03 03  0851   52701  31860    -1.00e+05   -1.00e+05
2003 03 03  0852   52701  31920    -1.00e+05   -1.00e+05
2003 03 03  0853   52701  31980    -1.00e+05   -1.00e+05
2003 03 03  0854   52701  32040    -1.00e+05   -1.00e+05
2003 03 03  0855   52701  32100    -1.00e+05   -1.00e+05
2003 03 03  0856   52701  32160    -1.00e+05   -1.00e+05
2003 03 03  0857   52701  32220    -1.00e+05   -1.00e+05
2003 03 03  0858   52701  32280    -1.00e+05   -1.00e+05
2003 03 03  0859   52701  32340    -1.00e+05   -1.00e+05
2003 03 03  0900   52701  32400    -1.00e+05   -1.00e+05
2003 03 03  0901   52701  32460    -1.00e+05   -1.00e+05
2003 03 03  0902   52701  32520    -1.00e+05   -1.00e+05
2003 03 03  0903   52701  32580    -1.00e+05   -1.00e+05
2003 03 03  0904   52701  32640    -1.00e+05   -1.00e+05
2003 03 03  0905   52701  32700    -1.00e+05   -1.00e+05
2003 03 03  0906   52701  32760    -1.00e+05   -1.00e+05
2003 03 03  0907   52701  32820    -1.00e+05   -1.00e+05
2003 03 03  0908   52701  32880    -1.00e+05   -1.00e+05
2003 03 03  0909   52701  32940    -1.00e+05   -1.00e+05
2003 03 03  0910   52701  33000    -1.00e+05   -1.00e+05
2003 03 03  0911   52701  33060    -1.00e+05   -1.00e+05
2003 03 03  0912   52701  33120    -1.00e+05   -1.00e+05
2003 03 03  0913   52701  33180    -1.00e+05   -1.00e+05
2003 03 03  0914   52701  33240    -1.00e+05   -1.00e+05
2003 03 03  0915   52701  33300    -1.00e+05   -1.00e+05
2003 03 03  0916   52701  33360    -1.00e+05   -1.00e+05
2003 03 03  0917   52701  33420    -1.00e+05   -1.00e+05
2003 03 03  0918   52701  33480    -1.00e+05   -1.00e+05
2003 03 03  0919   52701  33540    -1.00e+05   -1.00e+05
2003 03 03  0920   52701  33600    -1.00e+05   -1.00e+05
2003 03 03  0921   52701  33660    -1.00e+05   -1.00e+05
2003 03 03  0922   52701  33720    -1.00e+05   -1.00e+05
2003 03 03  0923   52701  33780    -1.00e+05   -1.00e+05
2003 03 03  0924   52701  33840    -1.00e+05   -1.00e+05
2003 03 03  0925   52701  33900    -1.00e+05   -1.00e+05
2003 03 03  0926   52701  33960    -1.00e+05   -1.00e+05
2003 03 03  0927   52701  34020    -1.00e+05   -1.00e+05
2003 03 03  0928   52701  34080    -1.00e+05   -1.00e+05
2003 03 03  0929   52701  34140    -1.00e+05   -1.00e+05
2003 03 03  0930   52701  34200    -1.00e+05   -1.00e+05
2003 03 03  0931   52701  34260    -1.00e+05   -1.00e+05
2003 03 03  0932   52701  34320    -1.00e+05   -1.00e+05
2003 03 03  0933   52701  34380    -1.00e+05   -1.00e+05
2003 03 03  0934   52701  34440    -1.00e+05   -1.00e+05
2003 03 03  0935   52701  34500    -1.00e+05   -1.00e+05
2003 03 03  0936   52701  34560    -1.00e+05   -1.00e+05
2003 03 03  0937   52701  34620    -1.00e+05   -1.00e+05
2003 03 03  0938   52701  34680    -1.00e+05   -1.00e+05
2003 03 03  0939   52701  34740    -1.00e+05   -1.00e+05
2003 03 03  0940   52701  34800    -1.00e+05   -1.00e+05
2003 03 03  0941   52701  34860    -1.00e+05   -1.00e+05
2003 03 03  0942   52701  34920    -1.00e+05   -1.00e+05
2003 03 03  0943   52701  34980     6.76e-09   -1.00e+05
2003 03 03  0944   52701  35040     5.11e-09    4.22e-07
2003 03 03  0945   52701  35100     5.07e-09    4.15e-07
2003 03 03  0946   52701  35160     5.10e-09    4.16e-07
2003 03 03  0947   52701  35220     5.11e-09    4.21e-07
2003 03 03  0948   52701  35280     5.06e-09    4.20e-07
2003 03 03  0949   52701  35340     5.06e-09    4.16e-07
2003 03 03  0950   52701  35400     5.05e-09    4.16e-07
2003 03 03  0951   52701  35460     5.05e-09    4.14e-07
2003 03 03  0952   52701  35520     5.05e-09    4.14e-07
2003 03 03  0953   52701  35580     5.05e-09    4.15e-07
2003 03 03  0954   52701  35640     5.04e-09    4.14e-07
2003 03 03  0955   52701  35700     5.04e-09    4.13e-07
2003 03 03  0956   52701  35760     5.04e-09    4.12e-07
2003 03 03  0957   52701  35820     5.04e-09    4.08e-07
2003 03 03  0958   52701  35880     5.04e-09    4.07e-07
2003 03 03  0959   52701  35940     5.04e-09    4.07e-07
2003 03 03  1000   52701  36000     5.03e-09    4.07e-07
2003 03 03  1001   52701  36060     5.03e-09    4.07e-07
2003 03 03  1002   52701  36120     5.03e-09    4.06e-07
2003 03 03  1003   52701  36180     5.03e-09    4.00e-07
2003 03 03  1004   52701  36240     5.05e-09    3.99e-07
2003 03 03  1005   52701  36300     5.03e-09    3.99e-07
2003 03 03  1006   52701  36360     5.03e-09    3.95e-07
2003 03 03  1007   52701  36420     5.01e-09    3.93e-07
2003 03 03  1008   52701  36480     4.93e-09    3.92e-07
2003 03 03  1009   52701  36540     4.86e-09    3.92e-07
2003 03 03  1010   52701  36600     4.65e-09    3.92e-07
2003 03 03  1011   52701  36660     4.01e-09    3.92e-07
2003 03 03  1012   52701  36720     3.42e-09    3.87e-07
2003 03 03  1013   52701  36780     3.86e-09    3.86e-07
2003 03 03  1014   52701  36840     4.06e-09    3.91e-07
2003 03 03  1015   52701  36900     4.75e-09    3.93e-07
2003 03 03  1016   52701  36960     5.02e-09    4.00e-07
2003 03 03  1017   52701  37020     5.04e-09    4.10e-07
2003 03 03  1018   52701  37080     5.02e-09    4.13e-07
2003 03 03  1019   52701  37140     5.02e-09    4.13e-07
2003 03 03  1020   52701  37200     5.02e-09    4.13e-07
2003 03 03  1021   52701  37260     5.02e-09    4.12e-07
2003 03 03  1022   52701  37320     5.02e-09    4.07e-07
2003 03 03  1023   52701  37380     5.02e-09    4.06e-07
2003 03 03  1024   52701  37440     5.02e-09    4.05e-07
2003 03 03  1025   52701  37500     5.02e-09    4.00e-07
2003 03 03  1026   52701  37560     5.02e-09    3.99e-07
2003 03 03  1027   52701  37620     5.02e-09    3.99e-07
2003 03 03  1028   52701  37680     5.02e-09    3.99e-07
2003 03 03  1029   52701  37740     5.00e-09    3.99e-07
2003 03 03  1030   52701  37800     4.92e-09    3.95e-07
2003 03 03  1031   52701  37860     4.50e-09    3.93e-07
2003 03 03  1032   52701  37920     3.52e-09    3.92e-07
2003 03 03  1033   52701  37980     3.27e-09    3.88e-07
2003 03 03  1034   52701  38040     3.27e-09    3.85e-07
2003 03 03  1035   52701  38100     3.36e-09    3.87e-07
2003 03 03  1036   52701  38160     3.88e-09    3.92e-07
2003 03 03  1037   52701  38220     3.28e-09    3.86e-07
2003 03 03  1038   52701  38280     3.16e-09    3.84e-07
2003 03 03  1039   52701  38340     3.19e-09    3.80e-07
2003 03 03  1040   52701  38400     3.24e-09    3.78e-07
2003 03 03  1041   52701  38460     3.16e-09    3.78e-07
2003 03 03  1042   52701  38520     3.14e-09    3.74e-07
2003 03 03  1043   52701  38580     3.16e-09    3.71e-07
2003 03 03  1044   52701  38640     3.14e-09    3.71e-07
2003 03 03  1045   52701  38700     3.17e-09    3.71e-07
2003 03 03  1046   52701  38760     3.14e-09    3.71e-07
2003 03 03  1047   52701  38820     3.14e-09    3.71e-07
2003 03 03  1048   52701  38880     3.14e-09    3.71e-07
2003 03 03  1049   52701  38940     3.16e-09    3.71e-07
2003 03 03  1050   52701  39000     3.14e-09    3.70e-07
2003 03 03  1051   52701  39060     3.14e-09    3.67e-07
2003 03 03  1052   52701  39120     3.14e-09    3.64e-07
2003 03 03  1053   52701  39180     3.14e-09    3.64e-07
2003 03 03  1054   52701  39240     3.14e-09    3.64e-07
2003 03 03  1055   52701  39300     3.16e-09    3.64e-07
2003 03 03  1056   52701  39360     3.14e-09    3.64e-07
2003 03 03  1057   52701  39420     3.14e-09    3.64e-07
2003 03 03  1058   52701  39480     3.14e-09    3.65e-07
2003 03 03  1059   52701  39540     3.14e-09    3.64e-07
2003 03 03  1100   52701  39600     3.16e-09    3.64e-07
2003 03 03  1101   52701  39660     3.14e-09    3.58e-07
2003 03 03  1102   52701  39720     3.15e-09    3.57e-07
2003 03 03  1103   52701  39780     3.16e-09    3.57e-07
2003 03 03  1104   52701  39840     3.15e-09    3.57e-07
2003 03 03  1105   52701  39900     3.15e-09    3.57e-07
2003 03 03  1106   52701  39960     3.16e-09    3.57e-07
2003 03 03  1107   52701  40020     3.15e-09    3.57e-07
2003 03 03  1108   52701  40080     3.15e-09    3.55e-07
2003 03 03  1109   52701  40140     3.15e-09    3.52e-07
2003 03 03  1110   52701  40200     3.15e-09    3.50e-07
2003 03 03  1111   52701  40260     3.15e-09    3.50e-07
2003 03 03  1112   52701  40320     3.15e-09    3.49e-07
2003 03 03  1113   52701  40380     3.15e-09    3.44e-07
2003 03 03  1114   52701  40440     3.15e-09    3.43e-07
2003 03 03  1115   52701  40500     3.15e-09    3.43e-07
2003 03 03  1116   52701  40560     3.15e-09    3.43e-07
2003 03 03  1117   52701  40620     3.16e-09    3.43e-07
2003 03 03  1118   52701  40680     3.16e-09    3.43e-07
2003 03 03  1119   52701  40740     3.17e-09    3.43e-07
2003 03 03  1120   52701  40800     3.16e-09    3.43e-07
2003 03 03  1121   52701  40860     3.16e-09    3.41e-07
2003 03 03  1122   52701  40920     3.16e-09    3.37e-07
2003 03 03  1123   52701  40980     3.16e-09    3.41e-07
2003 03 03  1124   52701  41040     3.16e-09    3.43e-07
2003 03 03  1125   52701  41100     3.17e-09    3.43e-07
2003 03 03  1126   52701  41160     3.16e-09    3.43e-07
2003 03 03  1127   52701  41220     3.16e-09    3.43e-07
2003 03 03  1128   52701  41280     3.16e-09    3.43e-07
2003 03 03  1129   52701  41340     3.17e-09    3.44e-07
2003 03 03  1130   52701  41400     3.16e-09    3.46e-07
2003 03 03  1131   52701  41460     3.16e-09    3.48e-07
2003 03 03  1132   52701  41520     3.16e-09    3.46e-07
2003 03 03  1133   52701  41580     3.16e-09    3.44e-07
2003 03 03  1134   52701  41640     3.18e-09    3.43e-07
2003 03 03  1135   52701  41700     3.16e-09    3.43e-07
2003 03 03  1136   52701  41760     3.16e-09    3.43e-07
2003 03 03  1137   52701  41820     3.16e-09    3.43e-07
2003 03 03  1138   52701  41880     3.16e-09    3.43e-07
2003 03 03  1139   52701  41940     3.19e-09    3.43e-07
2003 03 03  1140   52701  42000     3.16e-09    3.44e-07
2003 03 03  1141   52701  42060     3.16e-09    3.49e-07
2003 03 03  1142   52701  42120     3.16e-09    3.50e-07
2003 03 03  1143   52701  42180     3.20e-09    3.51e-07
2003 03 03  1144   52701  42240     3.17e-09    3.57e-07
2003 03 03  1145   52701  42300     3.22e-09    3.60e-07
2003 03 03  1146   52701  42360     3.17e-09    3.65e-07
2003 03 03  1147   52701  42420     3.23e-09    3.70e-07
2003 03 03  1148   52701  42480     3.60e-09    3.75e-07
2003 03 03  1149   52701  42540     4.83e-09    3.79e-07
2003 03 03  1150   52701  42600     4.91e-09    3.85e-07
2003 03 03  1151   52701  42660     4.92e-09    3.86e-07
2003 03 03  1152   52701  42720     5.05e-09    3.94e-07
2003 03 03  1153   52701  42780     5.07e-09    4.02e-07
2003 03 03  1154   52701  42840     5.05e-09    4.02e-07
2003 03 03  1155   52701  42900     5.06e-09    4.02e-07
2003 03 03  1156   52701  42960     5.06e-09    3.97e-07
2003 03 03  1157   52701  43020     4.82e-09    3.92e-07
2003 03 03  1158   52701  43080     3.95e-09    3.88e-07
2003 03 03  1159   52701  43140     3.96e-09    3.88e-07
2003 03 03  1200   52701  43200     4.27e-09    3.88e-07
2003 03 03  1201   52701  43260     3.79e-09    3.86e-07
2003 03 03  1202   52701  43320     3.55e-09    3.86e-07
2003 03 03  1203   52701  43380     3.31e-09    3.86e-07
2003 03 03  1204   52701  43440     3.31e-09    3.86e-07
2003 03 03  1205   52701  43500     3.34e-09    3.87e-07
2003 03 03  1206   52701  43560     3.26e-09    3.86e-07
2003 03 03  1207   52701  43620     3.26e-09    3.86e-07
2003 03 03  1208   52701  43680     3.18e-09    3.86e-07
2003 03 03  1209   52701  43740     3.22e-09    3.86e-07
2003 03 03  1210   52701  43800     3.18e-09    3.86e-07
2003 03 03  1211   52701  43860     3.18e-09    3.84e-07
2003 03 03  1212   52701  43920     3.18e-09    3.82e-07
2003 03 03  1213   52701  43980     3.19e-09    3.80e-07
2003 03 03  1214   52701  44040     3.20e-09    3.84e-07
2003 03 03  1215   52701  44100     3.19e-09    3.79e-07
2003 03 03  1216   52701  44160     3.22e-09    3.78e-07
2003 03 03  1217   52701  44220     3.19e-09    3.73e-07
2003 03 03  1218   52701  44280     3.19e-09    3.72e-07
2003 03 03  1219   52701  44340     3.19e-09    3.72e-07
2003 03 03  1220   52701  44400     3.19e-09    3.72e-07
2003 03 03  1221   52701  44460     3.19e-09    3.66e-07
2003 03 03  1222   52701  44520     3.19e-09    3.65e-07
2003 03 03  1223   52701  44580     3.19e-09    3.65e-07
2003 03 03  1224   52701  44640     3.19e-09    3.65e-07
2003 03 03  1225   52701  44700     3.19e-09    3.65e-07
2003 03 03  1226   52701  44760     3.19e-09    3.65e-07
2003 03 03  1227   52701  44820     3.19e-09    3.65e-07
2003 03 03  1228   52701  44880     3.19e-09    3.65e-07
2003 03 03  1229   52701  44940     3.19e-09    3.64e-07
2003 03 03  1230   52701  45000     3.22e-09    3.61e-07
2003 03 03  1231   52701  45060     3.19e-09    3.59e-07
2003 03 03  1232   52701  45120     3.21e-09    3.59e-07
2003 03 03  1233   52701  45180     3.19e-09    3.58e-07
2003 03 03  1234   52701  45240     3.19e-09    3.58e-07
2003 03 03  1235   52701  45300     3.20e-09    3.58e-07
2003 03 03  1236   52701  45360     3.20e-09    3.58e-07
2003 03 03  1237   52701  45420     3.22e-09    3.59e-07
2003 03 03  1238   52701  45480     3.20e-09    3.62e-07
2003 03 03  1239   52701  45540     3.20e-09    3.66e-07
2003 03 03  1240   52701  45600     3.22e-09    3.66e-07
2003 03 03  1241   52701  45660     3.23e-09    3.66e-07
2003 03 03  1242   52701  45720     3.20e-09    3.66e-07
2003 03 03  1243   52701  45780     3.23e-09    3.66e-07
2003 03 03  1244   52701  45840     3.27e-09    3.70e-07
2003 03 03  1245   52701  45900     4.99e-09    3.80e-07
2003 03 03  1246   52701  45960     5.09e-09    3.89e-07
2003 03 03  1247   52701  46020     5.09e-09    4.00e-07
2003 03 03  1248   52701  46080     5.11e-09    4.12e-07
2003 03 03  1249   52701  46140     5.38e-09    4.16e-07
2003 03 03  1250   52701  46200     6.98e-09    4.28e-07
2003 03 03  1251   52701  46260     6.98e-09    4.33e-07
2003 03 03  1252   52701  46320     6.98e-09    4.31e-07
2003 03 03  1253   52701  46380     6.98e-09    4.30e-07
2003 03 03  1254   52701  46440     7.35e-09    4.45e-07
2003 03 03  1255   52701  46500     9.29e-09    4.73e-07
2003 03 03  1256   52701  46560     1.14e-08    5.06e-07
2003 03 03  1257   52701  46620     1.24e-08    5.20e-07
2003 03 03  1258   52701  46680     1.08e-08    5.15e-07
2003 03 03  1259   52701  46740     1.07e-08    5.15e-07
2003 03 03  1300   52701  46800     1.07e-08    5.14e-07
2003 03 03  1301   52701  46860     9.15e-09    5.07e-07
2003 03 03  1302   52701  46920     8.87e-09    4.99e-07
2003 03 03  1303   52701  46980     8.85e-09    4.89e-07
2003 03 03  1304   52701  47040     7.67e-09    4.78e-07
2003 03 03  1305   52701  47100     6.98e-09    4.68e-07
2003 03 03  1306   52701  47160     6.98e-09    4.57e-07
2003 03 03  1307   52701  47220     6.98e-09    4.52e-07
2003 03 03  1308   52701  47280     6.99e-09    4.45e-07
2003 03 03  1309   52701  47340     6.99e-09    4.41e-07
2003 03 03  1310   52701  47400     6.99e-09    4.37e-07
2003 03 03  1311   52701  47460     6.99e-09    4.36e-07
2003 03 03  1312   52701  47520     6.98e-09    4.30e-07
2003 03 03  1313   52701  47580     7.02e-09    4.30e-07
2003 03 03  1314   52701  47640     6.99e-09    4.29e-07
2003 03 03  1315   52701  47700     6.99e-09    4.24e-07
2003 03 03  1316   52701  47760     6.99e-09    4.23e-07
2003 03 03  1317   52701  47820     7.00e-09    4.22e-07
2003 03 03  1318   52701  47880     6.99e-09    4.17e-07
2003 03 03  1319   52701  47940     7.04e-09    4.16e-07
2003 03 03  1320   52701  48000     6.99e-09    4.16e-07
2003 03 03  1321   52701  48060     6.99e-09    4.14e-07
2003 03 03  1322   52701  48120     7.05e-09    4.09e-07
2003 03 03  1323   52701  48180     6.99e-09    4.09e-07
2003 03 03  1324   52701  48240     7.01e-09    4.09e-07
2003 03 03  1325   52701  48300     7.38e-09    4.13e-07
2003 03 03  1326   52701  48360     8.72e-09    4.16e-07
2003 03 03  1327   52701  48420     8.80e-09    4.16e-07
2003 03 03  1328   52701  48480     8.58e-09    4.13e-07
2003 03 03  1329   52701  48540     8.21e-09    4.09e-07
2003 03 03  1330   52701  48600     7.48e-09    4.04e-07
2003 03 03  1331   52701  48660     7.06e-09    4.03e-07
2003 03 03  1332   52701  48720     7.03e-09    4.02e-07
2003 03 03  1333   52701  48780     7.02e-09    4.02e-07
2003 03 03  1334   52701  48840     7.07e-09    4.02e-07
2003 03 03  1335   52701  48900     7.18e-09    4.02e-07
2003 03 03  1336   52701  48960     7.81e-09    4.02e-07
2003 03 03  1337   52701  49020     7.70e-09    4.02e-07
2003 03 03  1338   52701  49080     7.73e-09    4.02e-07
2003 03 03  1339   52701  49140     7.84e-09    4.02e-07
2003 03 03  1340   52701  49200     8.52e-09    4.02e-07
2003 03 03  1341   52701  49260     8.84e-09    4.02e-07
2003 03 03  1342   52701  49320     8.89e-09    4.02e-07
2003 03 03  1343   52701  49380     8.84e-09    4.02e-07
2003 03 03  1344   52701  49440     8.89e-09    4.02e-07
2003 03 03  1345   52701  49500     8.89e-09    4.03e-07
2003 03 03  1346   52701  49560     8.89e-09    4.04e-07
2003 03 03  1347   52701  49620     8.89e-09    4.03e-07
2003 03 03  1348   52701  49680     8.89e-09    4.09e-07
2003 03 03  1349   52701  49740     8.90e-09    4.10e-07
2003 03 03  1350   52701  49800     8.90e-09    4.09e-07
2003 03 03  1351   52701  49860     8.90e-09    4.04e-07
2003 03 03  1352   52701  49920     8.85e-09    4.00e-07
2003 03 03  1353   52701  49980     8.46e-09    3.95e-07
2003 03 03  1354   52701  50040     7.29e-09    3.95e-07
2003 03 03  1355   52701  50100     7.12e-09    3.91e-07
2003 03 03  1356   52701  50160     7.01e-09    3.88e-07
2003 03 03  1357   52701  50220     7.09e-09    3.88e-07
2003 03 03  1358   52701  50280     7.03e-09    3.88e-07
2003 03 03  1359   52701  50340     7.03e-09    3.89e-07
2003 03 03  1400   52701  50400     7.02e-09    3.90e-07
2003 03 03  1401   52701  50460     7.02e-09    3.89e-07
2003 03 03  1402   52701  50520     7.02e-09    3.88e-07
2003 03 03  1403   52701  50580     7.02e-09    3.88e-07
2003 03 03  1404   52701  50640     7.03e-09    3.88e-07
2003 03 03  1405   52701  50700     7.02e-09    3.89e-07
2003 03 03  1406   52701  50760     7.02e-09    3.94e-07
2003 03 03  1407   52701  50820     7.06e-09    3.95e-07
2003 03 03  1408   52701  50880     7.24e-09    3.97e-07
2003 03 03  1409   52701  50940     7.03e-09    3.96e-07
2003 03 03  1410   52701  51000     7.03e-09    3.94e-07
2003 03 03  1411   52701  51060     7.02e-09    3.89e-07
2003 03 03  1412   52701  51120     7.02e-09    3.88e-07
2003 03 03  1413   52701  51180     7.02e-09    3.88e-07
2003 03 03  1414   52701  51240     7.02e-09    3.88e-07
2003 03 03  1415   52701  51300     7.02e-09    3.84e-07
2003 03 03  1416   52701  51360     7.02e-09    3.81e-07
2003 03 03  1417   52701  51420     7.02e-09    3.81e-07
2003 03 03  1418   52701  51480     7.06e-09    3.81e-07
2003 03 03  1419   52701  51540     7.03e-09    3.79e-07
2003 03 03  1420   52701  51600     7.03e-09    3.77e-07
2003 03 03  1421   52701  51660     7.03e-09    3.75e-07
2003 03 03  1422   52701  51720     7.03e-09    3.74e-07
2003 03 03  1423   52701  51780     7.03e-09    3.74e-07
2003 03 03  1424   52701  51840     7.03e-09    3.74e-07
2003 03 03  1425   52701  51900     7.03e-09    3.74e-07
2003 03 03  1426   52701  51960     7.03e-09    3.70e-07
2003 03 03  1427   52701  52020     7.03e-09    3.68e-07
2003 03 03  1428   52701  52080     7.03e-09    3.67e-07
2003 03 03  1429   52701  52140     7.03e-09    3.67e-07
2003 03 03  1430   52701  52200     7.03e-09    3.67e-07
2003 03 03  1431   52701  52260     7.03e-09    3.67e-07
2003 03 03  1432   52701  52320     6.98e-09    3.67e-07
2003 03 03  1433   52701  52380     6.81e-09    3.66e-07
2003 03 03  1434   52701  52440     6.94e-09    3.67e-07
2003 03 03  1435   52701  52500     6.86e-09    3.67e-07
2003 03 03  1436   52701  52560     6.81e-09    3.67e-07
2003 03 03  1437   52701  52620     7.02e-09    3.67e-07
2003 03 03  1438   52701  52680     7.03e-09    3.70e-07
2003 03 03  1439   52701  52740     7.02e-09    3.74e-07
2003 03 03  1440   52701  52800     7.03e-09    3.74e-07
2003 03 03  1441   52701  52860     7.04e-09    3.74e-07
2003 03 03  1442   52701  52920     7.04e-09    3.74e-07
2003 03 03  1443   52701  52980     6.89e-09    3.74e-07
2003 03 03  1444   52701  53040     6.40e-09    3.74e-07
2003 03 03  1445   52701  53100     6.80e-09    3.73e-07
2003 03 03  1446   52701  53160     7.04e-09    3.70e-07
2003 03 03  1447   52701  53220     6.59e-09    3.68e-07
2003 03 03  1448   52701  53280     6.72e-09    3.67e-07
2003 03 03  1449   52701  53340     5.97e-09    3.67e-07
2003 03 03  1450   52701  53400     5.39e-09    3.67e-07
2003 03 03  1451   52701  53460     5.73e-09    3.67e-07
2003 03 03  1452   52701  53520     6.77e-09    3.69e-07
2003 03 03  1453   52701  53580     7.04e-09    3.79e-07
2003 03 03  1454   52701  53640     7.04e-09    3.82e-07
2003 03 03  1455   52701  53700     6.72e-09    3.81e-07
2003 03 03  1456   52701  53760     6.23e-09    3.75e-07
2003 03 03  1457   52701  53820     6.46e-09    3.74e-07
2003 03 03  1458   52701  53880     5.64e-09    3.68e-07
2003 03 03  1459   52701  53940     5.33e-09    3.67e-07
2003 03 03  1500   52701  54000     5.17e-09    3.61e-07
2003 03 03  1501   52701  54060     5.15e-09    3.60e-07
2003 03 03  1502   52701  54120     5.15e-09    3.54e-07
2003 03 03  1503   52701  54180     5.16e-09    3.54e-07
2003 03 03  1504   52701  54240     5.19e-09    3.53e-07
2003 03 03  1505   52701  54300     5.16e-09    3.53e-07
2003 03 03  1506   52701  54360     5.16e-09    3.53e-07
2003 03 03  1507   52701  54420     5.16e-09    3.53e-07
2003 03 03  1508   52701  54480     5.16e-09    3.53e-07
2003 03 03  1509   52701  54540     5.16e-09    3.53e-07
2003 03 03  1510   52701  54600     5.16e-09    3.53e-07
2003 03 03  1511   52701  54660     5.16e-09    3.53e-07
2003 03 03  1512   52701  54720     5.16e-09    3.54e-07
2003 03 03  1513   52701  54780     5.16e-09    3.57e-07
2003 03 03  1514   52701  54840     5.16e-09    3.63e-07
2003 03 03  1515   52701  54900     5.17e-09    3.66e-07
2003 03 03  1516   52701  54960     5.23e-09    3.62e-07
2003 03 03  1517   52701  55020     5.17e-09    3.61e-07
2003 03 03  1518   52701  55080     5.18e-09    3.58e-07
2003 03 03  1519   52701  55140     5.17e-09    3.57e-07
2003 03 03  1520   52701  55200     5.17e-09    3.58e-07
2003 03 03  1521   52701  55260     5.17e-09    3.60e-07
2003 03 03  1522   52701  55320     5.18e-09    3.64e-07
2003 03 03  1523   52701  55380     5.17e-09    3.74e-07
2003 03 03  1524   52701  55440     5.17e-09    3.82e-07
2003 03 03  1525   52701  55500     5.17e-09    3.82e-07
2003 03 03  1526   52701  55560     5.62e-09    3.89e-07
2003 03 03  1527   52701  55620     5.55e-09    3.93e-07
2003 03 03  1528   52701  55680     6.37e-09    3.97e-07
2003 03 03  1529   52701  55740     5.95e-09    3.97e-07
2003 03 03  1530   52701  55800     5.43e-09    3.99e-07
2003 03 03  1531   52701  55860     5.20e-09    3.97e-07
2003 03 03  1532   52701  55920     5.17e-09    3.93e-07
2003 03 03  1533   52701  55980     5.17e-09    3.89e-07
2003 03 03  1534   52701  56040     5.17e-09    3.85e-07
2003 03 03  1535   52701  56100     5.17e-09    3.82e-07
2003 03 03  1536   52701  56160     5.17e-09    3.78e-07
2003 03 03  1537   52701  56220     5.17e-09    3.75e-07
2003 03 03  1538   52701  56280     5.17e-09    3.72e-07
2003 03 03  1539   52701  56340     5.17e-09    3.68e-07
2003 03 03  1540   52701  56400     5.18e-09    3.68e-07
2003 03 03  1541   52701  56460     5.18e-09    3.68e-07
2003 03 03  1542   52701  56520     5.18e-09    3.68e-07
2003 03 03  1543   52701  56580     5.19e-09    3.68e-07
2003 03 03  1544   52701  56640     5.18e-09    3.68e-07
2003 03 03  1545   52701  56700     5.18e-09    3.68e-07
2003 03 03  1546   52701  56760     5.18e-09    3.63e-07
2003 03 03  1547   52701  56820     5.18e-09    3.61e-07
2003 03 03  1548   52701  56880     5.18e-09    3.61e-07
2003 03 03  1549   52701  56940     5.18e-09    3.61e-07
2003 03 03  1550   52701  57000     5.18e-09    3.58e-07
2003 03 03  1551   52701  57060     5.18e-09    3.54e-07
2003 03 03  1552   52701  57120     5.18e-09    3.54e-07
2003 03 03  1553   52701  57180     5.18e-09    3.54e-07
2003 03 03  1554   52701  57240     5.18e-09    3.54e-07
2003 03 03  1555   52701  57300     5.17e-09    3.53e-07
2003 03 03  1556   52701  57360     5.12e-09    3.52e-07
2003 03 03  1557   52701  57420     5.13e-09    3.50e-07
2003 03 03  1558   52701  57480     5.13e-09    3.47e-07
2003 03 03  1559   52701  57540     5.17e-09    3.47e-07
2003 03 03  1600   52701  57600     5.18e-09    3.47e-07
2003 03 03  1601   52701  57660     5.17e-09    3.47e-07
2003 03 03  1602   52701  57720     5.19e-09    3.47e-07
2003 03 03  1603   52701  57780     5.17e-09    3.47e-07
2003 03 03  1604   52701  57840     5.19e-09    3.47e-07
2003 03 03  1605   52701  57900     5.19e-09    3.47e-07
2003 03 03  1606   52701  57960     5.19e-09    3.47e-07
2003 03 03  1607   52701  58020     5.19e-09    3.43e-07
2003 03 03  1608   52701  58080     5.20e-09    3.42e-07
2003 03 03  1609   52701  58140     5.20e-09    3.41e-07
2003 03 03  1610   52701  58200     5.20e-09    3.40e-07
2003 03 03  1611   52701  58260     5.19e-09    3.40e-07
2003 03 03  1612   52701  58320     5.19e-09    3.40e-07
2003 03 03  1613   52701  58380     5.19e-09    3.40e-07
2003 03 03  1614   52701  58440     5.21e-09    3.39e-07
2003 03 03  1615   52701  58500     5.19e-09    3.35e-07
2003 03 03  1616   52701  58560     5.24e-09    3.35e-07
2003 03 03  1617   52701  58620     5.22e-09    3.33e-07
2003 03 03  1618   52701  58680     5.23e-09    3.33e-07
2003 03 03  1619   52701  58740     5.23e-09    3.33e-07
2003 03 03  1620   52701  58800     5.19e-09    3.33e-07
2003 03 03  1621   52701  58860     5.19e-09    3.33e-07
2003 03 03  1622   52701  58920     5.36e-09    3.33e-07
2003 03 03  1623   52701  58980     5.74e-09    3.33e-07
2003 03 03  1624   52701  59040     6.24e-09    3.33e-07
2003 03 03  1625   52701  59100     6.72e-09    3.33e-07
2003 03 03  1626   52701  59160     7.09e-09    3.33e-07
2003 03 03  1627   52701  59220     7.09e-09    3.33e-07
2003 03 03  1628   52701  59280     7.09e-09    3.33e-07
2003 03 03  1629   52701  59340     7.20e-09    3.33e-07
2003 03 03  1630   52701  59400     7.86e-09    3.33e-07
2003 03 03  1631   52701  59460     8.95e-09    3.33e-07
2003 03 03  1632   52701  59520     8.98e-09    3.33e-07
2003 03 03  1633   52701  59580     8.98e-09    3.33e-07
2003 03 03  1634   52701  59640     9.00e-09    3.33e-07
2003 03 03  1635   52701  59700     8.98e-09    3.33e-07
2003 03 03  1636   52701  59760     8.98e-09    3.33e-07
2003 03 03  1637   52701  59820     9.10e-09    3.33e-07
2003 03 03  1638   52701  59880     9.00e-09    3.33e-07
2003 03 03  1639   52701  59940     9.29e-09    3.33e-07
2003 03 03  1640   52701  60000     9.95e-09    3.33e-07
2003 03 03  1641   52701  60060     9.00e-09    3.33e-07
2003 03 03  1642   52701  60120     1.04e-08    3.33e-07
2003 03 03  1643   52701  60180     1.09e-08    3.33e-07
2003 03 03  1644   52701  60240     1.09e-08    3.33e-07
2003 03 03  1645   52701  60300     1.09e-08    3.33e-07
2003 03 03  1646   52701  60360     9.70e-09    3.33e-07
2003 03 03  1647   52701  60420     1.08e-08    3.33e-07
2003 03 03  1648   52701  60480     1.08e-08    3.33e-07
2003 03 03  1649   52701  60540     9.60e-09    3.33e-07
2003 03 03  1650   52701  60600     1.09e-08    3.33e-07
2003 03 03  1651   52701  60660     1.09e-08    3.36e-07
2003 03 03  1652   52701  60720     1.14e-08    3.46e-07
2003 03 03  1653   52701  60780     1.34e-08    3.77e-07
2003 03 03  1654   52701  60840     1.39e-08    3.87e-07
2003 03 03  1655   52701  60900     1.28e-08    3.78e-07
2003 03 03  1656   52701  60960     1.28e-08    3.74e-07
2003 03 03  1657   52701  61020     1.23e-08    3.65e-07
2003 03 03  1658   52701  61080     1.10e-08    3.57e-07
2003 03 03  1659   52701  61140     1.09e-08    3.51e-07
2003 03 03  1700   52701  61200     1.09e-08    3.47e-07
2003 03 03  1701   52701  61260     1.09e-08    3.47e-07
2003 03 03  1702   52701  61320     1.09e-08    3.47e-07
2003 03 03  1703   52701  61380     1.09e-08    3.47e-07
2003 03 03  1704   52701  61440     1.09e-08    3.48e-07
2003 03 03  1705   52701  61500     1.09e-08    3.47e-07
2003 03 03  1706   52701  61560     1.09e-08    3.46e-07
2003 03 03  1707   52701  61620     1.09e-08    3.41e-07
2003 03 03  1708   52701  61680     1.04e-08    3.41e-07
2003 03 03  1709   52701  61740     9.22e-09    3.41e-07
2003 03 03  1710   52701  61800     8.99e-09    3.42e-07
2003 03 03  1711   52701  61860     8.99e-09    3.47e-07
2003 03 03  1712   52701  61920     9.05e-09    3.48e-07
2003 03 03  1713   52701  61980     9.00e-09    3.48e-07
2003 03 03  1714   52701  62040     9.00e-09    3.48e-07
2003 03 03  1715   52701  62100     9.01e-09    3.52e-07
2003 03 03  1716   52701  62160     9.00e-09    3.57e-07
2003 03 03  1717   52701  62220     9.00e-09    3.62e-07
2003 03 03  1718   52701  62280     9.00e-09    3.67e-07
2003 03 03  1719   52701  62340     9.00e-09    3.69e-07
2003 03 03  1720   52701  62400     9.00e-09    3.73e-07
2003 03 03  1721   52701  62460     9.02e-09    3.72e-07
2003 03 03  1722   52701  62520     9.02e-09    3.73e-07
2003 03 03  1723   52701  62580     9.00e-09    3.77e-07
2003 03 03  1724   52701  62640     9.00e-09    3.82e-07
2003 03 03  1725   52701  62700     9.00e-09    3.84e-07
2003 03 03  1726   52701  62760     9.04e-09    3.88e-07
2003 03 03  1727   52701  62820     9.76e-09    3.98e-07
2003 03 03  1728   52701  62880     1.07e-08    4.10e-07
2003 03 03  1729   52701  62940     1.09e-08    4.27e-07
2003 03 03  1730   52701  63000     1.17e-08    4.46e-07
2003 03 03  1731   52701  63060     1.28e-08    4.63e-07
2003 03 03  1732   52701  63120     1.28e-08    4.77e-07
2003 03 03  1733   52701  63180     1.37e-08    4.96e-07
2003 03 03  1734   52701  63240     1.47e-08    5.19e-07
2003 03 03  1735   52701  63300     1.59e-08    5.42e-07
2003 03 03  1736   52701  63360     1.72e-08    5.77e-07
2003 03 03  1737   52701  63420     1.97e-08    6.23e-07
2003 03 03  1738   52701  63480     2.09e-08    6.44e-07
2003 03 03  1739   52701  63540     2.17e-08    6.62e-07
2003 03 03  1740   52701  63600     2.24e-08    6.72e-07
2003 03 03  1741   52701  63660     2.35e-08    6.80e-07
2003 03 03  1742   52701  63720     2.27e-08    6.77e-07
2003 03 03  1743   52701  63780     2.14e-08    6.72e-07
2003 03 03  1744   52701  63840     1.98e-08    6.56e-07
2003 03 03  1745   52701  63900     1.78e-08    6.37e-07
2003 03 03  1746   52701  63960     1.59e-08    6.19e-07
2003 03 03  1747   52701  64020     1.44e-08    5.99e-07
2003 03 03  1748   52701  64080     1.28e-08    5.79e-07
2003 03 03  1749   52701  64140     1.28e-08    5.62e-07
2003 03 03  1750   52701  64200     1.19e-08    5.47e-07
2003 03 03  1751   52701  64260     1.10e-08    5.35e-07
2003 03 03  1752   52701  64320     1.09e-08    5.24e-07
2003 03 03  1753   52701  64380     1.09e-08    5.15e-07
2003 03 03  1754   52701  64440     1.09e-08    5.06e-07
2003 03 03  1755   52701  64500     1.08e-08    4.99e-07
2003 03 03  1756   52701  64560     1.08e-08    4.90e-07
2003 03 03  1757   52701  64620     1.04e-08    4.84e-07
2003 03 03  1758   52701  64680     9.85e-09    4.83e-07
2003 03 03  1759   52701  64740     1.05e-08    4.77e-07
2003 03 03  1800   52701  64800     1.07e-08    4.76e-07
2003 03 03  1801   52701  64860     1.07e-08    4.70e-07
2003 03 03  1802   52701  64920     1.08e-08    4.67e-07
2003 03 03  1803   52701  64980     1.06e-08    4.64e-07
2003 03 03  1804   52701  65040     1.04e-08    4.68e-07
2003 03 03  1805   52701  65100     9.97e-09    4.68e-07
2003 03 03  1806   52701  65160     1.07e-08    4.68e-07
2003 03 03  1807   52701  65220     1.09e-08    4.74e-07
2003 03 03  1808   52701  65280     1.09e-08    4.78e-07
2003 03 03  1809   52701  65340     1.09e-08    4.84e-07
2003 03 03  1810   52701  65400     1.09e-08    4.84e-07
2003 03 03  1811   52701  65460     1.09e-08    4.86e-07
2003 03 03  1812   52701  65520     1.09e-08    4.89e-07
2003 03 03  1813   52701  65580     1.09e-08    4.92e-07
2003 03 03  1814   52701  65640     1.09e-08    5.01e-07
2003 03 03  1815   52701  65700     1.10e-08    5.06e-07
2003 03 03  1816   52701  65760     1.12e-08    5.07e-07
2003 03 03  1817   52701  65820     1.26e-08    5.12e-07
2003 03 03  1818   52701  65880     1.28e-08    5.14e-07
2003 03 03  1819   52701  65940     1.28e-08    5.22e-07
2003 03 03  1820   52701  66000     1.28e-08    5.30e-07
2003 03 03  1821   52701  66060     1.28e-08    5.36e-07
2003 03 03  1822   52701  66120     1.29e-08    5.44e-07
2003 03 03  1823   52701  66180     1.30e-08    5.49e-07
2003 03 03  1824   52701  66240     1.41e-08    5.58e-07
2003 03 03  1825   52701  66300     1.53e-08    5.83e-07
2003 03 03  1826   52701  66360     1.70e-08    6.11e-07
2003 03 03  1827   52701  66420     2.16e-08    6.70e-07
2003 03 03  1828   52701  66480     2.93e-08    7.48e-07
2003 03 03  1829   52701  66540     3.85e-08    8.41e-07
2003 03 03  1830   52701  66600     4.48e-08    9.37e-07
2003 03 03  1831   52701  66660     3.66e-08    9.21e-07
2003 03 03  1832   52701  66720     2.81e-08    8.58e-07
2003 03 03  1833   52701  66780     2.28e-08    7.91e-07
2003 03 03  1834   52701  66840     2.00e-08    7.43e-07
2003 03 03  1835   52701  66900     1.84e-08    7.01e-07
2003 03 03  1836   52701  66960     1.67e-08    6.70e-07
2003 03 03  1837   52701  67020     1.66e-08    6.51e-07
2003 03 03  1838   52701  67080     1.66e-08    6.36e-07
2003 03 03  1839   52701  67140     1.65e-08    6.26e-07
2003 03 03  1840   52701  67200     1.62e-08    6.20e-07
2003 03 03  1841   52701  67260     1.49e-08    6.17e-07
2003 03 03  1842   52701  67320     1.55e-08    6.11e-07
2003 03 03  1843   52701  67380     1.64e-08    6.06e-07
2003 03 03  1844   52701  67440     1.55e-08    6.05e-07
2003 03 03  1845   52701  67500     1.49e-08    6.06e-07
2003 03 03  1846   52701  67560     1.64e-08    6.09e-07
2003 03 03  1847   52701  67620     1.66e-08    6.14e-07
2003 03 03  1848   52701  67680     1.66e-08    6.14e-07
2003 03 03  1849   52701  67740     1.66e-08    6.14e-07
2003 03 03  1850   52701  67800     1.66e-08    6.15e-07
2003 03 03  1851   52701  67860     1.66e-08    6.13e-07
2003 03 03  1852   52701  67920     1.66e-08    6.11e-07
2003 03 03  1853   52701  67980     1.66e-08    6.06e-07
2003 03 03  1854   52701  68040     1.49e-08    6.02e-07
2003 03 03  1855   52701  68100     1.48e-08    5.95e-07
2003 03 03  1856   52701  68160     1.59e-08    5.90e-07
2003 03 03  1857   52701  68220     1.47e-08    5.81e-07
2003 03 03  1858   52701  68280     1.47e-08    5.77e-07
2003 03 03  1859   52701  68340     1.47e-08    5.71e-07
2003 03 03  1900   52701  68400     1.46e-08    5.65e-07
2003 03 03  1901   52701  68460     1.47e-08    5.62e-07
2003 03 03  1902   52701  68520     1.47e-08    5.57e-07
2003 03 03  1903   52701  68580     1.33e-08    5.56e-07
2003 03 03  1904   52701  68640     1.29e-08    5.50e-07
2003 03 03  1905   52701  68700     1.28e-08    5.48e-07
2003 03 03  1906   52701  68760     1.28e-08    5.43e-07
2003 03 03  1907   52701  68820     1.28e-08    5.41e-07
2003 03 03  1908   52701  68880     1.28e-08    5.36e-07
2003 03 03  1909   52701  68940     1.28e-08    5.34e-07
2003 03 03  1910   52701  69000     1.28e-08    5.30e-07
2003 03 03  1911   52701  69060     1.28e-08    5.28e-07
2003 03 03  1912   52701  69120     1.25e-08    5.25e-07
2003 03 03  1913   52701  69180     1.14e-08    5.21e-07
2003 03 03  1914   52701  69240     1.12e-08    5.20e-07
2003 03 03  1915   52701  69300     1.10e-08    5.18e-07
2003 03 03  1916   52701  69360     1.10e-08    5.15e-07
2003 03 03  1917   52701  69420     1.17e-08    5.14e-07
2003 03 03  1918   52701  69480     1.20e-08    5.15e-07
2003 03 03  1919   52701  69540     1.15e-08    5.13e-07
2003 03 03  1920   52701  69600     1.10e-08    5.10e-07
2003 03 03  1921   52701  69660     1.09e-08    5.06e-07
2003 03 03  1922   52701  69720     1.09e-08    5.06e-07
2003 03 03  1923   52701  69780     1.09e-08    5.06e-07
2003 03 03  1924   52701  69840     1.09e-08    5.03e-07
2003 03 03  1925   52701  69900     1.09e-08    4.99e-07
2003 03 03  1926   52701  69960     1.09e-08    4.98e-07
2003 03 03  1927   52701  70020     1.09e-08    4.98e-07
2003 03 03  1928   52701  70080     1.09e-08    4.95e-07
2003 03 03  1929   52701  70140     1.09e-08    4.93e-07
2003 03 03  1930   52701  70200     1.09e-08    5.02e-07
2003 03 03  1931   52701  70260     1.10e-08    5.14e-07
2003 03 03  1932   52701  70320     1.14e-08    5.24e-07
2003 03 03  1933   52701  70380     1.28e-08    5.47e-07
2003 03 03  1934   52701  70440     1.34e-08    5.64e-07
2003 03 03  1935   52701  70500     1.43e-08    5.71e-07
2003 03 03  1936   52701  70560     1.38e-08    5.62e-07
2003 03 03  1937   52701  70620     1.28e-08    5.55e-07
2003 03 03  1938   52701  70680     1.29e-08    5.51e-07
2003 03 03  1939   52701  70740     1.28e-08    5.49e-07
2003 03 03  1940   52701  70800     1.29e-08    5.52e-07
2003 03 03  1941   52701  70860     1.47e-08    5.66e-07
2003 03 03  1942   52701  70920     1.47e-08    5.82e-07
2003 03 03  1943   52701  70980     1.47e-08    5.81e-07
2003 03 03  1944   52701  71040     1.47e-08    5.85e-07
2003 03 03  1945   52701  71100     1.47e-08    5.99e-07
2003 03 03  1946   52701  71160     1.47e-08    6.05e-07
2003 03 03  1947   52701  71220     1.44e-08    5.97e-07
2003 03 03  1948   52701  71280     1.29e-08    5.91e-07
2003 03 03  1949   52701  71340     1.29e-08    5.82e-07
2003 03 03  1950   52701  71400     1.29e-08    5.84e-07
2003 03 03  1951   52701  71460     1.29e-08    5.85e-07
2003 03 03  1952   52701  71520     1.29e-08    5.85e-07
2003 03 03  1953   52701  71580     1.29e-08    5.85e-07
2003 03 03  1954   52701  71640     1.29e-08    5.85e-07
2003 03 03  1955   52701  71700     1.29e-08    5.83e-07
2003 03 03  1956   52701  71760     1.28e-08    5.76e-07
2003 03 03  1957   52701  71820     1.14e-08    5.71e-07
2003 03 03  1958   52701  71880     1.12e-08    5.70e-07
2003 03 03  1959   52701  71940     1.10e-08    5.68e-07
2003 03 03  2000   52701  72000     1.12e-08    5.71e-07
2003 03 03  2001   52701  72060     1.27e-08    5.86e-07
2003 03 03  2002   52701  72120     1.48e-08    6.17e-07
2003 03 03  2003   52701  72180     1.69e-08    6.51e-07
2003 03 03  2004   52701  72240     1.85e-08    6.84e-07
2003 03 03  2005   52701  72300     1.85e-08    7.05e-07
2003 03 03  2006   52701  72360     1.85e-08    7.09e-07
2003 03 03  2007   52701  72420     1.73e-08    7.05e-07
2003 03 03  2008   52701  72480     1.67e-08    7.00e-07
2003 03 03  2009   52701  72540     1.67e-08    7.00e-07
2003 03 03  2010   52701  72600     1.65e-08    6.96e-07
2003 03 03  2011   52701  72660     1.49e-08    6.92e-07
2003 03 03  2012   52701  72720     1.48e-08    6.88e-07
2003 03 03  2013   52701  72780     1.48e-08    6.87e-07
2003 03 03  2014   52701  72840     1.48e-08    6.86e-07
2003 03 03  2015   52701  72900     1.48e-08    6.90e-07
2003 03 03  2016   52701  72960     1.48e-08    6.88e-07
2003 03 03  2017   52701  73020     1.48e-08    6.86e-07
2003 03 03  2018   52701  73080     1.48e-08    6.87e-07
2003 03 03  2019   52701  73140     1.52e-08    6.92e-07
2003 03 03  2020   52701  73200     1.66e-08    7.02e-07
2003 03 03  2021   52701  73260     1.67e-08    7.12e-07
2003 03 03  2022   52701  73320     1.78e-08    7.27e-07
2003 03 03  2023   52701  73380     1.87e-08    7.47e-07
2003 03 03  2024   52701  73440     2.05e-08    7.80e-07
2003 03 03  2025   52701  73500     2.30e-08    8.27e-07
2003 03 03  2026   52701  73560     2.51e-08    8.66e-07
2003 03 03  2027   52701  73620     2.73e-08    9.08e-07
2003 03 03  2028   52701  73680     2.82e-08    9.44e-07
2003 03 03  2029   52701  73740     2.90e-08    9.69e-07
2003 03 03  2030   52701  73800     2.99e-08    9.89e-07
2003 03 03  2031   52701  73860     3.04e-08    1.01e-06
2003 03 03  2032   52701  73920     3.19e-08    1.04e-06
2003 03 03  2033   52701  73980     3.32e-08    1.06e-06
2003 03 03  2034   52701  74040     3.35e-08    1.07e-06
2003 03 03  2035   52701  74100     3.43e-08    1.10e-06
2003 03 03  2036   52701  74160     3.61e-08    1.14e-06
2003 03 03  2037   52701  74220     3.81e-08    1.17e-06
2003 03 03  2038   52701  74280     4.07e-08    1.21e-06
2003 03 03  2039   52701  74340     4.29e-08    1.25e-06
2003 03 03  2040   52701  74400     4.48e-08    1.29e-06
2003 03 03  2041   52701  74460     4.85e-08    1.35e-06
2003 03 03  2042   52701  74520     5.39e-08    1.43e-06
2003 03 03  2043   52701  74580     6.09e-08    1.57e-06
2003 03 03  2044   52701  74640     6.84e-08    1.69e-06
2003 03 03  2045   52701  74700     7.55e-08    1.80e-06
2003 03 03  2046   52701  74760     8.22e-08    1.90e-06
2003 03 03  2047   52701  74820     8.81e-08    1.99e-06
2003 03 03  2048   52701  74880     9.27e-08    2.07e-06
2003 03 03  2049   52701  74940     9.65e-08    2.15e-06
2003 03 03  2050   52701  75000     1.01e-07    2.22e-06
2003 03 03  2051   52701  75060     1.04e-07    2.26e-06
2003 03 03  2052   52701  75120     1.04e-07    2.32e-06
2003 03 03  2053   52701  75180     1.04e-07    2.32e-06
2003 03 03  2054   52701  75240     1.05e-07    2.34e-06
2003 03 03  2055   52701  75300     1.05e-07    2.40e-06
2003 03 03  2056   52701  75360     1.03e-07    2.40e-06
2003 03 03  2057   52701  75420     1.02e-07    2.40e-06
2003 03 03  2058   52701  75480     1.02e-07    2.40e-06
2003 03 03  2059   52701  75540     1.03e-07    2.40e-06
2003 03 03  2100   52701  75600     1.03e-07    2.40e-06
2003 03 03  2101   52701  75660     1.01e-07    2.40e-06
2003 03 03  2102   52701  75720     1.00e-07    2.40e-06
2003 03 03  2103   52701  75780     9.99e-08    2.40e-06
2003 03 03  2104   52701  75840     1.00e-07    2.40e-06
2003 03 03  2105   52701  75900     1.00e-07    2.40e-06
2003 03 03  2106   52701  75960     1.00e-07    2.40e-06
2003 03 03  2107   52701  76020     9.81e-08    2.40e-06
2003 03 03  2108   52701  76080     9.52e-08    2.39e-06
2003 03 03  2109   52701  76140     9.24e-08    2.33e-06
2003 03 03  2110   52701  76200     9.01e-08    2.32e-06
2003 03 03  2111   52701  76260     8.78e-08    2.29e-06
2003 03 03  2112   52701  76320     8.58e-08    2.25e-06
2003 03 03  2113   52701  76380     8.37e-08    2.25e-06
2003 03 03  2114   52701  76440     8.17e-08    2.19e-06
2003 03 03  2115   52701  76500     7.96e-08    2.17e-06
2003 03 03  2116   52701  76560     7.79e-08    2.17e-06
2003 03 03  2117   52701  76620     7.69e-08    2.11e-06
2003 03 03  2118   52701  76680     7.47e-08    2.10e-06
2003 03 03  2119   52701  76740     7.24e-08    2.09e-06
2003 03 03  2120   52701  76800     7.06e-08    2.02e-06
2003 03 03  2121   52701  76860     6.88e-08    2.02e-06
2003 03 03  2122   52701  76920     6.71e-08    1.98e-06
2003 03 03  2123   52701  76980    -1.00e+05   -1.00e+05
2003 03 03  2124   52701  77040    -1.00e+05   -1.00e+05
2003 03 03  2125   52701  77100    -1.00e+05   -1.00e+05
2003 03 03  2126   52701  77160    -1.00e+05   -1.00e+05
2003 03 03  2127   52701  77220    -1.00e+05   -1.00e+05
2003 03 03  2128   52701  77280    -1.00e+05   -1.00e+05
2003 03 03  2129   52701  77340    -1.00e+05   -1.00e+05
2003 03 03  2130   52701  77400    -1.00e+05   -1.00e+05
2003 03 03  2131   52701  77460    -1.00e+05   -1.00e+05
2003 03 03  2132   52701  77520    -1.00e+05   -1.00e+05
2003 03 03  2133   52701  77580     5.57e-08    1.77e-06
2003 03 03  2134   52701  77640     5.48e-08    1.73e-06
2003 03 03  2135   52701  77700     5.26e-08    1.72e-06
2003 03 03  2136   52701  77760     5.12e-08    1.68e-06
2003 03 03  2137   52701  77820     5.02e-08    1.64e-06
2003 03 03  2138   52701  77880     4.91e-08    1.64e-06
2003 03 03  2139   52701  77940     4.89e-08    1.64e-06
2003 03 03  2140   52701  78000     4.81e-08    1.60e-06
2003 03 03  2141   52701  78060     4.70e-08    1.57e-06
2003 03 03  2142   52701  78120     4.65e-08    1.57e-06
2003 03 03  2143   52701  78180     4.52e-08    1.57e-06
2003 03 03  2144   52701  78240     4.48e-08    1.53e-06
2003 03 03  2145   52701  78300     4.33e-08    1.49e-06
2003 03 03  2146   52701  78360     4.32e-08    1.49e-06
2003 03 03  2147   52701  78420     4.23e-08    1.49e-06
2003 03 03  2148   52701  78480     4.14e-08    1.49e-06
2003 03 03  2149   52701  78540     4.13e-08    1.48e-06
2003 03 03  2150   52701  78600     4.00e-08    1.42e-06
2003 03 03  2151   52701  78660     3.93e-08    1.42e-06
2003 03 03  2152   52701  78720     3.77e-08    1.42e-06
2003 03 03  2153   52701  78780     3.76e-08    1.42e-06
2003 03 03  2154   52701  78840     3.74e-08    1.38e-06
2003 03 03  2155   52701  78900     3.60e-08    1.34e-06
2003 03 03  2156   52701  78960     3.57e-08    1.34e-06
2003 03 03  2157   52701  79020     3.51e-08    1.34e-06
2003 03 03  2158   52701  79080     3.38e-08    1.34e-06
2003 03 03  2159   52701  79140     3.38e-08    1.31e-06
2003 03 03  2200   52701  79200     3.34e-08    1.27e-06
2003 03 03  2201   52701  79260     3.20e-08    1.27e-06
2003 03 03  2202   52701  79320     3.19e-08    1.27e-06
2003 03 03  2203   52701  79380     3.16e-08    1.27e-06
2003 03 03  2204   52701  79440     3.01e-08    1.25e-06
2003 03 03  2205   52701  79500     3.00e-08    1.18e-06
2003 03 03  2206   52701  79560     2.98e-08    1.17e-06
2003 03 03  2207   52701  79620     2.86e-08    1.16e-06
2003 03 03  2208   52701  79680     2.82e-08    1.15e-06
2003 03 03  2209   52701  79740     2.81e-08    1.14e-06
2003 03 03  2210   52701  79800     2.81e-08    1.13e-06
2003 03 03  2211   52701  79860     2.77e-08    1.12e-06
2003 03 03  2212   52701  79920     2.68e-08    1.11e-06
2003 03 03  2213   52701  79980     2.62e-08    1.10e-06
2003 03 03  2214   52701  80040     2.62e-08    1.09e-06
2003 03 03  2215   52701  80100     2.62e-08    1.09e-06
2003 03 03  2216   52701  80160     2.60e-08    1.08e-06
2003 03 03  2217   52701  80220     2.51e-08    1.08e-06
2003 03 03  2218   52701  80280     2.43e-08    1.07e-06
2003 03 03  2219   52701  80340     2.43e-08    1.05e-06
2003 03 03  2220   52701  80400     2.41e-08    1.04e-06
2003 03 03  2221   52701  80460     2.27e-08    1.03e-06
2003 03 03  2222   52701  80520     2.24e-08    1.02e-06
2003 03 03  2223   52701  80580     2.24e-08    1.01e-06
2003 03 03  2224   52701  80640     2.24e-08    9.94e-07
2003 03 03  2225   52701  80700     2.19e-08    9.83e-07
2003 03 03  2226   52701  80760     2.12e-08    9.73e-07
2003 03 03  2227   52701  80820     2.07e-08    9.69e-07
2003 03 03  2228   52701  80880     2.05e-08    9.64e-07
2003 03 03  2229   52701  80940     2.05e-08    9.55e-07
2003 03 03  2230   52701  81000     2.05e-08    9.47e-07
2003 03 03  2231   52701  81060     2.05e-08    9.45e-07
2003 03 03  2232   52701  81120     2.05e-08    9.42e-07
2003 03 03  2233   52701  81180     2.05e-08    9.37e-07
2003 03 03  2234   52701  81240     2.05e-08    9.37e-07
2003 03 03  2235   52701  81300     2.04e-08    9.33e-07
2003 03 03  2236   52701  81360     1.95e-08    9.25e-07
2003 03 03  2237   52701  81420     1.86e-08    9.14e-07
2003 03 03  2238   52701  81480     1.86e-08    9.03e-07
2003 03 03  2239   52701  81540     1.85e-08    8.91e-07
2003 03 03  2240   52701  81600     1.70e-08    8.78e-07
2003 03 03  2241   52701  81660     1.67e-08    8.67e-07
2003 03 03  2242   52701  81720     1.67e-08    8.56e-07
2003 03 03  2243   52701  81780     1.67e-08    8.45e-07
2003 03 03  2244   52701  81840     1.61e-08    8.34e-07
2003 03 03  2245   52701  81900     1.49e-08    8.25e-07
2003 03 03  2246   52701  81960     1.48e-08    8.15e-07
2003 03 03  2247   52701  82020     1.48e-08    8.05e-07
2003 03 03  2248   52701  82080     1.48e-08    7.94e-07
2003 03 03  2249   52701  82140     1.48e-08    7.87e-07
2003 03 03  2250   52701  82200     1.48e-08    7.78e-07
2003 03 03  2251   52701  82260     1.45e-08    7.70e-07
2003 03 03  2252   52701  82320     1.41e-08    7.61e-07
2003 03 03  2253   52701  82380     1.47e-08    7.65e-07
2003 03 03  2254   52701  82440     1.48e-08    7.69e-07
2003 03 03  2255   52701  82500     1.43e-08    7.59e-07
2003 03 03  2256   52701  82560     1.32e-08    7.50e-07
2003 03 03  2257   52701  82620     1.29e-08    7.42e-07
2003 03 03  2258   52701  82680     1.29e-08    7.34e-07
2003 03 03  2259   52701  82740     1.29e-08    7.26e-07
2003 03 03  2300   52701  82800     1.29e-08    7.19e-07
2003 03 03  2301   52701  82860     1.28e-08    7.11e-07
2003 03 03  2302   52701  82920     1.23e-08    7.02e-07
2003 03 03  2303   52701  82980     1.15e-08    6.95e-07
2003 03 03  2304   52701  83040     1.10e-08    6.88e-07
2003 03 03  2305   52701  83100     1.10e-08    6.82e-07
2003 03 03  2306   52701  83160     1.10e-08    6.77e-07
2003 03 03  2307   52701  83220     1.10e-08    6.72e-07
2003 03 03  2308   52701  83280     1.10e-08    6.66e-07
2003 03 03  2309   52701  83340     1.10e-08    6.61e-07
2003 03 03  2310   52701  83400     1.10e-08    6.56e-07
2003 03 03  2311   52701  83460     1.08e-08    6.51e-07
2003 03 03  2312   52701  83520     1.02e-08    6.47e-07
2003 03 03  2313   52701  83580     9.43e-09    6.44e-07
2003 03 03  2314   52701  83640     9.11e-09    6.43e-07
2003 03 03  2315   52701  83700     9.09e-09    6.37e-07
2003 03 03  2316   52701  83760     9.10e-09    6.37e-07
2003 03 03  2317   52701  83820     9.10e-09    6.36e-07
2003 03 03  2318   52701  83880     9.14e-09    6.35e-07
2003 03 03  2319   52701  83940     9.09e-09    6.30e-07
2003 03 03  2320   52701  84000     9.11e-09    6.28e-07
2003 03 03  2321   52701  84060     9.09e-09    6.23e-07
2003 03 03  2322   52701  84120     9.09e-09    6.19e-07
2003 03 03  2323   52701  84180     9.09e-09    6.12e-07
2003 03 03  2324   52701  84240     8.70e-09    6.07e-07
2003 03 03  2325   52701  84300     7.44e-09    6.02e-07
2003 03 03  2326   52701  84360     7.35e-09    5.97e-07
2003 03 03  2327   52701  84420     7.21e-09    5.94e-07
2003 03 03  2328   52701  84480     7.19e-09    5.88e-07
2003 03 03  2329   52701  84540     7.22e-09    5.84e-07
2003 03 03  2330   52701  84600     7.19e-09    5.79e-07
2003 03 03  2331   52701  84660     7.19e-09    5.79e-07
2003 03 03  2332   52701  84720     7.22e-09    5.74e-07
2003 03 03  2333   52701  84780     7.19e-09    5.71e-07
2003 03 03  2334   52701  84840     7.21e-09    5.66e-07
2003 03 03  2335   52701  84900     7.21e-09    5.65e-07
2003 03 03  2336   52701  84960     7.19e-09    5.65e-07
2003 03 03  2337   52701  85020     7.19e-09    5.64e-07
2003 03 03  2338   52701  85080     7.19e-09    5.61e-07
2003 03 03  2339   52701  85140     7.19e-09    5.59e-07
2003 03 03  2340   52701  85200     7.19e-09    5.58e-07
2003 03 03  2341   52701  85260     7.19e-09    5.53e-07
2003 03 03  2342   52701  85320     7.06e-09    5.49e-07
2003 03 03  2343   52701  85380     6.85e-09    5.43e-07
2003 03 03  2344   52701  85440     5.44e-09    5.38e-07
2003 03 03  2345   52701  85500     5.29e-09    5.35e-07
2003 03 03  2346   52701  85560     5.63e-09    5.30e-07
2003 03 03  2347   52701  85620     5.36e-09    5.29e-07
2003 03 03  2348   52701  85680     5.31e-09    5.29e-07
2003 03 03  2349   52701  85740     5.29e-09    5.25e-07
2003 03 03  2350   52701  85800     5.29e-09    5.22e-07
2003 03 03  2351   52701  85860     5.33e-09    5.21e-07
2003 03 03  2352   52701  85920     5.29e-09    5.16e-07
2003 03 03  2353   52701  85980     5.34e-09    5.15e-07
2003 03 03  2354   52701  86040     5.31e-09    5.14e-07
2003 03 03  2355   52701  86100     6.95e-09    5.34e-07
2003 03 03  2356   52701  86160     7.19e-09    5.38e-07
2003 03 03  2357   52701  86220     5.91e-09    5.26e-07
2003 03 03  2358   52701  86280     5.29e-09    5.17e-07
2003 03 03  2359   52701  86340     5.29e-09    5.12e-07
