:Data_list: 20070311_G12xr_1m.txt
:Created: 2007 Mar 12 0010 UTC
# Prepared by the U.S. Dept. of Commerce, NOAA, Space Environment Center.
# Please send comments and suggestions to SEC.Webmaster@noaa.gov 
# 
# Label: Short = 0.05- 0.4 nanometer
# Label: Long  = 0.1 - 0.8 nanometer
# Units: Short = Watts per meter squared
# Units: Long  = Watts per meter squared
# Source: GOES-12
# Location: W075
# Missing data: -1.00e+05
#
#         1-minute GOES-12 Solar X-ray Flux
# 
#                 Modified Seconds
# UTC Date  Time   Julian  of the
# YR MO DA  HHMM    Day     Day       Short       Long
#-------------------------------------------------------
2007 03 11  0000   54170      0     1.91e-09    8.21e-09
2007 03 11  0001   54170     60     1.91e-09    8.08e-09
2007 03 11  0002   54170    120     1.91e-09    8.08e-09
2007 03 11  0003   54170    180     1.91e-09    8.09e-09
2007 03 11  0004   54170    240     1.91e-09    8.09e-09
2007 03 11  0005   54170    300     1.91e-09    8.04e-09
2007 03 11  0006   54170    360     1.91e-09    7.01e-09
2007 03 11  0007   54170    420     1.91e-09    4.85e-09
2007 03 11  0008   54170    480     1.91e-09    4.13e-09
2007 03 11  0009   54170    540     1.91e-09    3.99e-09
2007 03 11  0010   54170    600     1.94e-09    3.73e-09
2007 03 11  0011   54170    660     1.91e-09    3.73e-09
2007 03 11  0012   54170    720     1.91e-09    3.73e-09
2007 03 11  0013   54170    780     1.91e-09    3.73e-09
2007 03 11  0014   54170    840     1.91e-09    3.80e-09
2007 03 11  0015   54170    900     1.91e-09    3.73e-09
2007 03 11  0016   54170    960     1.91e-09    3.73e-09
2007 03 11  0017   54170   1020     1.91e-09    3.73e-09
2007 03 11  0018   54170   1080     1.91e-09    3.73e-09
2007 03 11  0019   54170   1140     1.91e-09    3.73e-09
2007 03 11  0020   54170   1200     1.91e-09    3.73e-09
2007 03 11  0021   54170   1260     1.91e-09    3.80e-09
2007 03 11  0022   54170   1320     1.91e-09    3.73e-09
2007 03 11  0023   54170   1380     1.93e-09    3.73e-09
2007 03 11  0024   54170   1440     1.91e-09    3.73e-09
2007 03 11  0025   54170   1500     1.92e-09    3.80e-09
2007 03 11  0026   54170   1560     1.91e-09    3.73e-09
2007 03 11  0027   54170   1620     1.99e-09    4.25e-09
2007 03 11  0028   54170   1680     1.90e-09    3.95e-09
2007 03 11  0029   54170   1740     1.90e-09    4.02e-09
2007 03 11  0030   54170   1800     1.90e-09    4.10e-09
2007 03 11  0031   54170   1860     1.91e-09    3.80e-09
2007 03 11  0032   54170   1920     1.91e-09    3.73e-09
2007 03 11  0033   54170   1980     1.91e-09    3.73e-09
2007 03 11  0034   54170   2040     1.91e-09    4.24e-09
2007 03 11  0035   54170   2100     1.91e-09    8.09e-09
2007 03 11  0036   54170   2160     1.91e-09    9.96e-09
2007 03 11  0037   54170   2220     2.65e-09    2.25e-08
2007 03 11  0038   54170   2280     3.88e-09    3.43e-08
2007 03 11  0039   54170   2340     3.46e-09    3.63e-08
2007 03 11  0040   54170   2400     2.41e-09    3.15e-08
2007 03 11  0041   54170   2460     1.91e-09    2.92e-08
2007 03 11  0042   54170   2520     2.01e-09    2.93e-08
2007 03 11  0043   54170   2580     1.94e-09    2.34e-08
2007 03 11  0044   54170   2640     1.92e-09    1.64e-08
2007 03 11  0045   54170   2700     1.91e-09    1.51e-08
2007 03 11  0046   54170   2760     1.97e-09    9.59e-09
2007 03 11  0047   54170   2820     1.92e-09    8.08e-09
2007 03 11  0048   54170   2880     1.91e-09    8.09e-09
2007 03 11  0049   54170   2940     1.93e-09    8.09e-09
2007 03 11  0050   54170   3000     1.91e-09    6.72e-09
2007 03 11  0051   54170   3060     1.90e-09    4.13e-09
2007 03 11  0052   54170   3120     1.90e-09    3.80e-09
2007 03 11  0053   54170   3180     1.92e-09    3.80e-09
2007 03 11  0054   54170   3240     1.92e-09    3.73e-09
2007 03 11  0055   54170   3300     1.91e-09    3.73e-09
2007 03 11  0056   54170   3360     1.91e-09    3.73e-09
2007 03 11  0057   54170   3420     1.91e-09    3.73e-09
2007 03 11  0058   54170   3480     1.91e-09    3.73e-09
2007 03 11  0059   54170   3540     1.91e-09    3.73e-09
2007 03 11  0100   54170   3600     1.91e-09    3.73e-09
2007 03 11  0101   54170   3660     1.93e-09    3.76e-09
2007 03 11  0102   54170   3720     1.91e-09    3.73e-09
2007 03 11  0103   54170   3780     1.91e-09    3.73e-09
2007 03 11  0104   54170   3840     1.91e-09    3.73e-09
2007 03 11  0105   54170   3900     1.91e-09    3.73e-09
2007 03 11  0106   54170   3960     1.91e-09    3.73e-09
2007 03 11  0107   54170   4020     1.91e-09    3.73e-09
2007 03 11  0108   54170   4080     1.91e-09    3.73e-09
2007 03 11  0109   54170   4140     1.91e-09    3.73e-09
2007 03 11  0110   54170   4200     1.91e-09    3.73e-09
2007 03 11  0111   54170   4260     1.91e-09    3.73e-09
2007 03 11  0112   54170   4320     1.91e-09    3.73e-09
2007 03 11  0113   54170   4380     1.91e-09    3.73e-09
2007 03 11  0114   54170   4440     1.93e-09    3.73e-09
2007 03 11  0115   54170   4500     1.91e-09    3.73e-09
2007 03 11  0116   54170   4560     1.91e-09    3.73e-09
2007 03 11  0117   54170   4620     1.90e-09    3.73e-09
2007 03 11  0118   54170   4680     1.90e-09    3.73e-09
2007 03 11  0119   54170   4740     1.95e-09    3.73e-09
2007 03 11  0120   54170   4800     1.91e-09    3.73e-09
2007 03 11  0121   54170   4860     1.90e-09    3.73e-09
2007 03 11  0122   54170   4920     1.94e-09    3.73e-09
2007 03 11  0123   54170   4980     1.91e-09    3.73e-09
2007 03 11  0124   54170   5040     1.91e-09    5.14e-09
2007 03 11  0125   54170   5100     1.91e-09    8.08e-09
2007 03 11  0126   54170   5160     1.91e-09    5.61e-09
2007 03 11  0127   54170   5220     1.91e-09    3.76e-09
2007 03 11  0128   54170   5280     1.91e-09    3.73e-09
2007 03 11  0129   54170   5340     1.90e-09    3.73e-09
2007 03 11  0130   54170   5400     1.90e-09    3.73e-09
2007 03 11  0131   54170   5460     1.90e-09    3.73e-09
2007 03 11  0132   54170   5520     1.90e-09    3.73e-09
2007 03 11  0133   54170   5580     1.91e-09    3.73e-09
2007 03 11  0134   54170   5640     1.91e-09    3.73e-09
2007 03 11  0135   54170   5700     1.90e-09    3.73e-09
2007 03 11  0136   54170   5760     1.91e-09    3.73e-09
2007 03 11  0137   54170   5820     1.97e-09    3.73e-09
2007 03 11  0138   54170   5880     1.90e-09    3.73e-09
2007 03 11  0139   54170   5940     1.90e-09    3.73e-09
2007 03 11  0140   54170   6000     1.90e-09    3.73e-09
2007 03 11  0141   54170   6060     1.90e-09    3.73e-09
2007 03 11  0142   54170   6120     1.90e-09    3.73e-09
2007 03 11  0143   54170   6180     1.92e-09    3.73e-09
2007 03 11  0144   54170   6240     1.92e-09    3.73e-09
2007 03 11  0145   54170   6300     1.90e-09    3.73e-09
2007 03 11  0146   54170   6360     1.92e-09    3.76e-09
2007 03 11  0147   54170   6420     1.90e-09    3.73e-09
2007 03 11  0148   54170   6480     1.90e-09    3.73e-09
2007 03 11  0149   54170   6540     1.90e-09    3.73e-09
2007 03 11  0150   54170   6600     1.90e-09    3.73e-09
2007 03 11  0151   54170   6660     1.90e-09    3.73e-09
2007 03 11  0152   54170   6720     1.90e-09    3.73e-09
2007 03 11  0153   54170   6780     1.91e-09    3.73e-09
2007 03 11  0154   54170   6840     1.90e-09    3.73e-09
2007 03 11  0155   54170   6900     1.90e-09    3.73e-09
2007 03 11  0156   54170   6960     1.90e-09    3.73e-09
2007 03 11  0157   54170   7020     1.90e-09    3.73e-09
2007 03 11  0158   54170   7080     1.91e-09    3.73e-09
2007 03 11  0159   54170   7140     1.91e-09    3.73e-09
2007 03 11  0200   54170   7200     1.90e-09    3.73e-09
2007 03 11  0201   54170   7260     1.90e-09    3.76e-09
2007 03 11  0202   54170   7320     1.90e-09    3.73e-09
2007 03 11  0203   54170   7380     1.90e-09    3.73e-09
2007 03 11  0204   54170   7440     1.90e-09    5.88e-09
2007 03 11  0205   54170   7500     1.90e-09    3.73e-09
2007 03 11  0206   54170   7560     1.90e-09    3.73e-09
2007 03 11  0207   54170   7620     1.90e-09    3.76e-09
2007 03 11  0208   54170   7680     1.90e-09    6.29e-09
2007 03 11  0209   54170   7740     1.92e-09    4.88e-09
2007 03 11  0210   54170   7800     1.90e-09    7.08e-09
2007 03 11  0211   54170   7860     1.90e-09    5.55e-09
2007 03 11  0212   54170   7920     1.91e-09    3.73e-09
2007 03 11  0213   54170   7980     1.91e-09    3.73e-09
2007 03 11  0214   54170   8040     1.90e-09    3.73e-09
2007 03 11  0215   54170   8100     1.90e-09    3.80e-09
2007 03 11  0216   54170   8160     1.90e-09    3.73e-09
2007 03 11  0217   54170   8220     1.90e-09    3.73e-09
2007 03 11  0218   54170   8280     1.90e-09    3.73e-09
2007 03 11  0219   54170   8340     1.90e-09    3.73e-09
2007 03 11  0220   54170   8400     1.90e-09    3.73e-09
2007 03 11  0221   54170   8460     1.90e-09    3.73e-09
2007 03 11  0222   54170   8520     1.90e-09    3.73e-09
2007 03 11  0223   54170   8580     1.90e-09    3.73e-09
2007 03 11  0224   54170   8640     1.94e-09    3.73e-09
2007 03 11  0225   54170   8700     1.90e-09    3.73e-09
2007 03 11  0226   54170   8760     1.91e-09    3.73e-09
2007 03 11  0227   54170   8820     1.94e-09    3.73e-09
2007 03 11  0228   54170   8880     1.91e-09    3.84e-09
2007 03 11  0229   54170   8940     1.91e-09    6.07e-09
2007 03 11  0230   54170   9000     1.90e-09    8.07e-09
2007 03 11  0231   54170   9060     1.90e-09    8.97e-09
2007 03 11  0232   54170   9120     1.90e-09    8.07e-09
2007 03 11  0233   54170   9180     1.90e-09    8.07e-09
2007 03 11  0234   54170   9240     1.90e-09    8.07e-09
2007 03 11  0235   54170   9300     1.90e-09    8.07e-09
2007 03 11  0236   54170   9360     1.90e-09    7.73e-09
2007 03 11  0237   54170   9420     1.90e-09    5.67e-09
2007 03 11  0238   54170   9480     1.90e-09    4.02e-09
2007 03 11  0239   54170   9540     1.90e-09    3.73e-09
2007 03 11  0240   54170   9600     1.90e-09    3.76e-09
2007 03 11  0241   54170   9660     1.90e-09    3.73e-09
2007 03 11  0242   54170   9720     1.90e-09    3.73e-09
2007 03 11  0243   54170   9780     1.90e-09    3.76e-09
2007 03 11  0244   54170   9840     1.90e-09    6.40e-09
2007 03 11  0245   54170   9900     1.90e-09    8.07e-09
2007 03 11  0246   54170   9960     1.90e-09    8.08e-09
2007 03 11  0247   54170  10020     1.90e-09    8.07e-09
2007 03 11  0248   54170  10080     1.90e-09    8.08e-09
2007 03 11  0249   54170  10140     1.90e-09    8.07e-09
2007 03 11  0250   54170  10200     1.90e-09    8.13e-09
2007 03 11  0251   54170  10260     1.90e-09    8.07e-09
2007 03 11  0252   54170  10320     1.90e-09    8.06e-09
2007 03 11  0253   54170  10380     1.90e-09    8.07e-09
2007 03 11  0254   54170  10440     1.90e-09    8.18e-09
2007 03 11  0255   54170  10500     1.90e-09    1.26e-08
2007 03 11  0256   54170  10560     1.90e-09    1.51e-08
2007 03 11  0257   54170  10620     1.90e-09    1.51e-08
2007 03 11  0258   54170  10680     1.90e-09    1.51e-08
2007 03 11  0259   54170  10740     1.90e-09    1.51e-08
2007 03 11  0300   54170  10800     1.90e-09    1.51e-08
2007 03 11  0301   54170  10860     1.90e-09    1.51e-08
2007 03 11  0302   54170  10920     1.90e-09    1.51e-08
2007 03 11  0303   54170  10980     1.90e-09    1.51e-08
2007 03 11  0304   54170  11040     1.90e-09    1.51e-08
2007 03 11  0305   54170  11100     1.90e-09    1.51e-08
2007 03 11  0306   54170  11160     1.90e-09    1.51e-08
2007 03 11  0307   54170  11220     1.90e-09    1.51e-08
2007 03 11  0308   54170  11280     1.90e-09    1.51e-08
2007 03 11  0309   54170  11340     1.90e-09    1.51e-08
2007 03 11  0310   54170  11400     1.90e-09    1.51e-08
2007 03 11  0311   54170  11460     1.90e-09    1.51e-08
2007 03 11  0312   54170  11520     1.89e-09    1.51e-08
2007 03 11  0313   54170  11580     1.90e-09    1.51e-08
2007 03 11  0314   54170  11640     1.90e-09    1.51e-08
2007 03 11  0315   54170  11700     1.90e-09    1.51e-08
2007 03 11  0316   54170  11760     1.90e-09    1.51e-08
2007 03 11  0317   54170  11820     1.90e-09    1.51e-08
2007 03 11  0318   54170  11880     1.94e-09    1.48e-08
2007 03 11  0319   54170  11940     1.90e-09    1.25e-08
2007 03 11  0320   54170  12000     1.90e-09    1.17e-08
2007 03 11  0321   54170  12060     1.91e-09    8.39e-09
2007 03 11  0322   54170  12120     1.91e-09    8.09e-09
2007 03 11  0323   54170  12180     1.91e-09    8.09e-09
2007 03 11  0324   54170  12240     1.91e-09    8.09e-09
2007 03 11  0325   54170  12300     1.91e-09    8.09e-09
2007 03 11  0326   54170  12360     1.90e-09    8.07e-09
2007 03 11  0327   54170  12420     1.90e-09    8.07e-09
2007 03 11  0328   54170  12480     1.90e-09    8.07e-09
2007 03 11  0329   54170  12540     1.90e-09    8.03e-09
2007 03 11  0330   54170  12600     1.90e-09    8.04e-09
2007 03 11  0331   54170  12660     1.90e-09    7.86e-09
2007 03 11  0332   54170  12720     1.91e-09    7.86e-09
2007 03 11  0333   54170  12780     1.91e-09    7.86e-09
2007 03 11  0334   54170  12840     1.91e-09    7.34e-09
2007 03 11  0335   54170  12900     1.91e-09    7.75e-09
2007 03 11  0336   54170  12960     1.91e-09    6.65e-09
2007 03 11  0337   54170  13020     1.91e-09    5.96e-09
2007 03 11  0338   54170  13080     1.91e-09    8.09e-09
2007 03 11  0339   54170  13140     1.93e-09    8.09e-09
2007 03 11  0340   54170  13200     1.91e-09    8.09e-09
2007 03 11  0341   54170  13260     1.91e-09    7.46e-09
2007 03 11  0342   54170  13320     1.91e-09    7.94e-09
2007 03 11  0343   54170  13380     1.91e-09    6.15e-09
2007 03 11  0344   54170  13440     1.91e-09    4.88e-09
2007 03 11  0345   54170  13500     1.90e-09    4.47e-09
2007 03 11  0346   54170  13560     1.91e-09    3.87e-09
2007 03 11  0347   54170  13620     1.91e-09    3.84e-09
2007 03 11  0348   54170  13680     2.02e-09    3.76e-09
2007 03 11  0349   54170  13740     1.90e-09    3.73e-09
2007 03 11  0350   54170  13800     1.90e-09    3.73e-09
2007 03 11  0351   54170  13860     1.91e-09    3.84e-09
2007 03 11  0352   54170  13920     1.90e-09    3.73e-09
2007 03 11  0353   54170  13980     1.90e-09    3.84e-09
2007 03 11  0354   54170  14040     1.91e-09    3.73e-09
2007 03 11  0355   54170  14100     1.91e-09    3.73e-09
2007 03 11  0356   54170  14160     1.91e-09    3.73e-09
2007 03 11  0357   54170  14220     1.91e-09    3.73e-09
2007 03 11  0358   54170  14280     1.91e-09    3.73e-09
2007 03 11  0359   54170  14340     1.91e-09    3.73e-09
2007 03 11  0400   54170  14400     1.91e-09    3.73e-09
2007 03 11  0401   54170  14460     1.91e-09    3.76e-09
2007 03 11  0402   54170  14520     1.91e-09    3.73e-09
2007 03 11  0403   54170  14580     1.91e-09    3.73e-09
2007 03 11  0404   54170  14640     1.91e-09    3.73e-09
2007 03 11  0405   54170  14700     1.91e-09    3.73e-09
2007 03 11  0406   54170  14760     1.91e-09    3.73e-09
2007 03 11  0407   54170  14820     1.91e-09    3.73e-09
2007 03 11  0408   54170  14880     1.91e-09    3.73e-09
2007 03 11  0409   54170  14940     1.91e-09    3.73e-09
2007 03 11  0410   54170  15000     1.91e-09    3.73e-09
2007 03 11  0411   54170  15060     1.91e-09    3.73e-09
2007 03 11  0412   54170  15120     1.90e-09    3.73e-09
2007 03 11  0413   54170  15180     1.91e-09    3.73e-09
2007 03 11  0414   54170  15240     1.91e-09    3.73e-09
2007 03 11  0415   54170  15300     1.91e-09    3.76e-09
2007 03 11  0416   54170  15360     1.91e-09    3.91e-09
2007 03 11  0417   54170  15420     1.91e-09    3.73e-09
2007 03 11  0418   54170  15480     1.91e-09    3.73e-09
2007 03 11  0419   54170  15540     1.91e-09    4.06e-09
2007 03 11  0420   54170  15600     1.91e-09    4.99e-09
2007 03 11  0421   54170  15660     1.92e-09    3.80e-09
2007 03 11  0422   54170  15720     1.91e-09    3.76e-09
2007 03 11  0423   54170  15780     1.91e-09    3.73e-09
2007 03 11  0424   54170  15840     1.91e-09    3.93e-09
2007 03 11  0425   54170  15900     1.91e-09    3.87e-09
2007 03 11  0426   54170  15960     1.91e-09    3.80e-09
2007 03 11  0427   54170  16020     1.91e-09    3.73e-09
2007 03 11  0428   54170  16080     1.91e-09    3.73e-09
2007 03 11  0429   54170  16140     1.91e-09    3.73e-09
2007 03 11  0430   54170  16200     1.91e-09    3.73e-09
2007 03 11  0431   54170  16260     1.91e-09    3.73e-09
2007 03 11  0432   54170  16320     1.91e-09    3.73e-09
2007 03 11  0433   54170  16380     1.94e-09    3.73e-09
2007 03 11  0434   54170  16440     1.91e-09    3.73e-09
2007 03 11  0435   54170  16500     1.91e-09    3.73e-09
2007 03 11  0436   54170  16560     1.91e-09    3.73e-09
2007 03 11  0437   54170  16620    -1.00e+05   -1.00e+05
2007 03 11  0438   54170  16680    -1.00e+05   -1.00e+05
2007 03 11  0439   54170  16740    -1.00e+05   -1.00e+05
2007 03 11  0440   54170  16800    -1.00e+05   -1.00e+05
2007 03 11  0441   54170  16860    -1.00e+05   -1.00e+05
2007 03 11  0442   54170  16920    -1.00e+05   -1.00e+05
2007 03 11  0443   54170  16980    -1.00e+05   -1.00e+05
2007 03 11  0444   54170  17040    -1.00e+05   -1.00e+05
2007 03 11  0445   54170  17100    -1.00e+05   -1.00e+05
2007 03 11  0446   54170  17160    -1.00e+05   -1.00e+05
2007 03 11  0447   54170  17220    -1.00e+05   -1.00e+05
2007 03 11  0448   54170  17280    -1.00e+05   -1.00e+05
2007 03 11  0449   54170  17340    -1.00e+05   -1.00e+05
2007 03 11  0450   54170  17400    -1.00e+05   -1.00e+05
2007 03 11  0451   54170  17460    -1.00e+05   -1.00e+05
2007 03 11  0452   54170  17520    -1.00e+05   -1.00e+05
2007 03 11  0453   54170  17580    -1.00e+05   -1.00e+05
2007 03 11  0454   54170  17640    -1.00e+05   -1.00e+05
2007 03 11  0455   54170  17700    -1.00e+05   -1.00e+05
2007 03 11  0456   54170  17760    -1.00e+05   -1.00e+05
2007 03 11  0457   54170  17820    -1.00e+05   -1.00e+05
2007 03 11  0458   54170  17880    -1.00e+05   -1.00e+05
2007 03 11  0459   54170  17940    -1.00e+05   -1.00e+05
2007 03 11  0500   54170  18000    -1.00e+05   -1.00e+05
2007 03 11  0501   54170  18060    -1.00e+05   -1.00e+05
2007 03 11  0502   54170  18120    -1.00e+05   -1.00e+05
2007 03 11  0503   54170  18180    -1.00e+05   -1.00e+05
2007 03 11  0504   54170  18240    -1.00e+05   -1.00e+05
2007 03 11  0505   54170  18300    -1.00e+05   -1.00e+05
2007 03 11  0506   54170  18360    -1.00e+05   -1.00e+05
2007 03 11  0507   54170  18420    -1.00e+05   -1.00e+05
2007 03 11  0508   54170  18480    -1.00e+05   -1.00e+05
2007 03 11  0509   54170  18540    -1.00e+05   -1.00e+05
2007 03 11  0510   54170  18600    -1.00e+05   -1.00e+05
2007 03 11  0511   54170  18660    -1.00e+05   -1.00e+05
2007 03 11  0512   54170  18720    -1.00e+05   -1.00e+05
2007 03 11  0513   54170  18780    -1.00e+05   -1.00e+05
2007 03 11  0514   54170  18840    -1.00e+05   -1.00e+05
2007 03 11  0515   54170  18900    -1.00e+05   -1.00e+05
2007 03 11  0516   54170  18960    -1.00e+05   -1.00e+05
2007 03 11  0517   54170  19020    -1.00e+05   -1.00e+05
2007 03 11  0518   54170  19080    -1.00e+05   -1.00e+05
2007 03 11  0519   54170  19140    -1.00e+05   -1.00e+05
2007 03 11  0520   54170  19200    -1.00e+05   -1.00e+05
2007 03 11  0521   54170  19260    -1.00e+05   -1.00e+05
2007 03 11  0522   54170  19320    -1.00e+05   -1.00e+05
2007 03 11  0523   54170  19380    -1.00e+05   -1.00e+05
2007 03 11  0524   54170  19440    -1.00e+05   -1.00e+05
2007 03 11  0525   54170  19500    -1.00e+05   -1.00e+05
2007 03 11  0526   54170  19560    -1.00e+05   -1.00e+05
2007 03 11  0527   54170  19620    -1.00e+05   -1.00e+05
2007 03 11  0528   54170  19680    -1.00e+05   -1.00e+05
2007 03 11  0529   54170  19740    -1.00e+05   -1.00e+05
2007 03 11  0530   54170  19800    -1.00e+05   -1.00e+05
2007 03 11  0531   54170  19860    -1.00e+05   -1.00e+05
2007 03 11  0532   54170  19920    -1.00e+05   -1.00e+05
2007 03 11  0533   54170  19980    -1.00e+05   -1.00e+05
2007 03 11  0534   54170  20040    -1.00e+05   -1.00e+05
2007 03 11  0535   54170  20100    -1.00e+05   -1.00e+05
2007 03 11  0536   54170  20160    -1.00e+05   -1.00e+05
2007 03 11  0537   54170  20220    -1.00e+05   -1.00e+05
2007 03 11  0538   54170  20280    -1.00e+05   -1.00e+05
2007 03 11  0539   54170  20340    -1.00e+05   -1.00e+05
2007 03 11  0540   54170  20400    -1.00e+05   -1.00e+05
2007 03 11  0541   54170  20460    -1.00e+05   -1.00e+05
2007 03 11  0542   54170  20520    -1.00e+05   -1.00e+05
2007 03 11  0543   54170  20580    -1.00e+05   -1.00e+05
2007 03 11  0544   54170  20640    -1.00e+05   -1.00e+05
2007 03 11  0545   54170  20700    -1.00e+05   -1.00e+05
2007 03 11  0546   54170  20760    -1.00e+05   -1.00e+05
2007 03 11  0547   54170  20820     3.27e-09    4.01e-08
2007 03 11  0548   54170  20880     2.96e-09    3.43e-08
2007 03 11  0549   54170  20940     2.90e-09    2.79e-08
2007 03 11  0550   54170  21000     2.88e-09    2.61e-08
2007 03 11  0551   54170  21060     2.92e-09    2.15e-08
2007 03 11  0552   54170  21120     2.57e-09    1.70e-08
2007 03 11  0553   54170  21180     1.57e-09    1.21e-08
2007 03 11  0554   54170  21240     1.10e-09    1.17e-08
2007 03 11  0555   54170  21300     9.18e-10    5.30e-09
2007 03 11  0556   54170  21360     9.28e-10    5.08e-09
2007 03 11  0557   54170  21420     9.28e-10    5.05e-09
2007 03 11  0558   54170  21480     8.95e-10    5.02e-09
2007 03 11  0559   54170  21540     9.11e-10    4.85e-09
2007 03 11  0600   54170  21600     8.95e-10    4.05e-09
2007 03 11  0601   54170  21660     9.11e-10    3.76e-09
2007 03 11  0602   54170  21720     9.76e-10    3.75e-09
2007 03 11  0603   54170  21780     9.59e-10    3.73e-09
2007 03 11  0604   54170  21840     8.95e-10    3.73e-09
2007 03 11  0605   54170  21900     9.27e-10    3.74e-09
2007 03 11  0606   54170  21960     9.43e-10    3.73e-09
2007 03 11  0607   54170  22020     8.95e-10    3.74e-09
2007 03 11  0608   54170  22080     9.58e-10    3.74e-09
2007 03 11  0609   54170  22140     8.95e-10    3.73e-09
2007 03 11  0610   54170  22200     8.95e-10    3.73e-09
2007 03 11  0611   54170  22260     8.95e-10    3.73e-09
2007 03 11  0612   54170  22320     9.89e-10    3.74e-09
2007 03 11  0613   54170  22380     9.26e-10    3.74e-09
2007 03 11  0614   54170  22440     8.95e-10    3.74e-09
2007 03 11  0615   54170  22500     9.57e-10    3.80e-09
2007 03 11  0616   54170  22560     9.41e-10    3.90e-09
2007 03 11  0617   54170  22620     9.88e-10    4.67e-09
2007 03 11  0618   54170  22680     1.17e-09    4.75e-09
2007 03 11  0619   54170  22740     1.81e-09    1.07e-08
2007 03 11  0620   54170  22800     2.15e-09    1.17e-08
2007 03 11  0621   54170  22860     2.63e-09    1.21e-08
2007 03 11  0622   54170  22920     2.70e-09    1.71e-08
2007 03 11  0623   54170  22980     2.60e-09    1.86e-08
2007 03 11  0624   54170  23040     2.70e-09    1.86e-08
2007 03 11  0625   54170  23100     2.70e-09    2.31e-08
2007 03 11  0626   54170  23160     2.70e-09    2.55e-08
2007 03 11  0627   54170  23220     2.70e-09    2.55e-08
2007 03 11  0628   54170  23280     2.70e-09    2.55e-08
2007 03 11  0629   54170  23340     2.70e-09    2.55e-08
2007 03 11  0630   54170  23400     2.69e-09    2.11e-08
2007 03 11  0631   54170  23460     2.47e-09    1.86e-08
2007 03 11  0632   54170  23520     1.72e-09    1.28e-08
2007 03 11  0633   54170  23580     1.20e-09    1.17e-08
2007 03 11  0634   54170  23640     1.31e-09    1.17e-08
2007 03 11  0635   54170  23700     1.14e-09    7.94e-09
2007 03 11  0636   54170  23760     1.13e-09    4.74e-09
2007 03 11  0637   54170  23820     1.13e-09    4.86e-09
2007 03 11  0638   54170  23880     1.08e-09    4.74e-09
2007 03 11  0639   54170  23940     1.03e-09    4.74e-09
2007 03 11  0640   54170  24000     1.07e-09    4.74e-09
2007 03 11  0641   54170  24060     1.10e-09    4.74e-09
2007 03 11  0642   54170  24120     1.05e-09    4.74e-09
2007 03 11  0643   54170  24180     9.26e-10    4.74e-09
2007 03 11  0644   54170  24240     9.73e-10    4.72e-09
2007 03 11  0645   54170  24300     9.26e-10    4.63e-09
2007 03 11  0646   54170  24360     1.05e-09    4.66e-09
2007 03 11  0647   54170  24420     1.00e-09    4.50e-09
2007 03 11  0648   54170  24480     1.02e-09    4.20e-09
2007 03 11  0649   54170  24540     1.07e-09    4.26e-09
2007 03 11  0650   54170  24600     1.24e-09    4.37e-09
2007 03 11  0651   54170  24660     1.11e-09    4.75e-09
2007 03 11  0652   54170  24720     1.32e-09    4.75e-09
2007 03 11  0653   54170  24780     1.06e-09    4.75e-09
2007 03 11  0654   54170  24840     1.08e-09    4.75e-09
2007 03 11  0655   54170  24900     1.11e-09    4.75e-09
2007 03 11  0656   54170  24960     1.21e-09    4.75e-09
2007 03 11  0657   54170  25020     1.31e-09    4.75e-09
2007 03 11  0658   54170  25080     1.24e-09    4.75e-09
2007 03 11  0659   54170  25140     1.33e-09    4.75e-09
2007 03 11  0700   54170  25200     1.33e-09    4.76e-09
2007 03 11  0701   54170  25260     1.08e-09    4.78e-09
2007 03 11  0702   54170  25320     1.16e-09    4.78e-09
2007 03 11  0703   54170  25380     1.50e-09    6.98e-09
2007 03 11  0704   54170  25440     1.31e-09    5.33e-09
2007 03 11  0705   54170  25500     9.74e-10    4.81e-09
2007 03 11  0706   54170  25560     9.74e-10    4.82e-09
2007 03 11  0707   54170  25620     9.42e-10    4.88e-09
2007 03 11  0708   54170  25680     8.95e-10    4.83e-09
2007 03 11  0709   54170  25740     1.04e-09    4.84e-09
2007 03 11  0710   54170  25800     9.27e-10    4.84e-09
2007 03 11  0711   54170  25860     9.74e-10    4.87e-09
2007 03 11  0712   54170  25920     8.95e-10    4.89e-09
2007 03 11  0713   54170  25980     9.43e-10    4.89e-09
2007 03 11  0714   54170  26040     1.01e-09    4.88e-09
2007 03 11  0715   54170  26100     9.42e-10    4.88e-09
2007 03 11  0716   54170  26160     9.59e-10    4.89e-09
2007 03 11  0717   54170  26220     9.91e-10    4.90e-09
2007 03 11  0718   54170  26280     9.59e-10    4.92e-09
2007 03 11  0719   54170  26340     8.95e-10    4.93e-09
2007 03 11  0720   54170  26400     9.43e-10    4.93e-09
2007 03 11  0721   54170  26460     9.27e-10    4.65e-09
2007 03 11  0722   54170  26520     9.76e-10    4.63e-09
2007 03 11  0723   54170  26580     9.60e-10    4.33e-09
2007 03 11  0724   54170  26640     8.95e-10    4.10e-09
2007 03 11  0725   54170  26700     8.95e-10    4.55e-09
2007 03 11  0726   54170  26760     9.60e-10    4.91e-09
2007 03 11  0727   54170  26820     9.28e-10    4.97e-09
2007 03 11  0728   54170  26880     8.95e-10    4.98e-09
2007 03 11  0729   54170  26940     9.11e-10    4.98e-09
2007 03 11  0730   54170  27000     9.76e-10    4.99e-09
2007 03 11  0731   54170  27060     9.11e-10    4.85e-09
2007 03 11  0732   54170  27120     8.95e-10    4.31e-09
2007 03 11  0733   54170  27180     9.76e-10    4.02e-09
2007 03 11  0734   54170  27240     9.44e-10    3.94e-09
2007 03 11  0735   54170  27300     8.95e-10    3.79e-09
2007 03 11  0736   54170  27360     8.95e-10    3.81e-09
2007 03 11  0737   54170  27420     9.12e-10    3.81e-09
2007 03 11  0738   54170  27480     9.28e-10    3.73e-09
2007 03 11  0739   54170  27540     9.28e-10    3.75e-09
2007 03 11  0740   54170  27600     9.44e-10    3.74e-09
2007 03 11  0741   54170  27660     9.11e-10    3.74e-09
2007 03 11  0742   54170  27720     9.12e-10    3.73e-09
2007 03 11  0743   54170  27780     9.45e-10    3.74e-09
2007 03 11  0744   54170  27840     8.95e-10    3.73e-09
2007 03 11  0745   54170  27900     8.95e-10    3.73e-09
2007 03 11  0746   54170  27960     8.97e-10    3.73e-09
2007 03 11  0747   54170  28020     9.48e-10    3.74e-09
2007 03 11  0748   54170  28080     1.00e-09    4.51e-09
2007 03 11  0749   54170  28140     9.56e-10    5.13e-09
2007 03 11  0750   54170  28200     1.34e-09    1.02e-08
2007 03 11  0751   54170  28260     1.24e-09    1.21e-08
2007 03 11  0752   54170  28320     1.11e-09    1.09e-08
2007 03 11  0753   54170  28380     9.96e-10    5.27e-09
2007 03 11  0754   54170  28440     9.47e-10    5.16e-09
2007 03 11  0755   54170  28500     1.03e-09    5.16e-09
2007 03 11  0756   54170  28560     9.31e-10    5.22e-09
2007 03 11  0757   54170  28620     9.15e-10    5.16e-09
2007 03 11  0758   54170  28680     9.15e-10    5.16e-09
2007 03 11  0759   54170  28740     9.32e-10    5.16e-09
2007 03 11  0800   54170  28800     9.15e-10    5.16e-09
2007 03 11  0801   54170  28860     9.81e-10    4.78e-09
2007 03 11  0802   54170  28920     9.48e-10    3.86e-09
2007 03 11  0803   54170  28980     9.17e-10    3.73e-09
2007 03 11  0804   54170  29040     9.36e-10    3.73e-09
2007 03 11  0805   54170  29100     9.23e-10    3.82e-09
2007 03 11  0806   54170  29160     9.23e-10    3.73e-09
2007 03 11  0807   54170  29220     9.21e-10    3.73e-09
2007 03 11  0808   54170  29280     9.42e-10    3.73e-09
2007 03 11  0809   54170  29340     9.29e-10    3.73e-09
2007 03 11  0810   54170  29400     9.34e-10    3.73e-09
2007 03 11  0811   54170  29460     9.52e-10    3.73e-09
2007 03 11  0812   54170  29520     9.55e-10    3.73e-09
2007 03 11  0813   54170  29580     9.41e-10    3.74e-09
2007 03 11  0814   54170  29640     9.75e-10    3.73e-09
2007 03 11  0815   54170  29700     1.01e-09    3.73e-09
2007 03 11  0816   54170  29760     9.51e-10    3.75e-09
2007 03 11  0817   54170  29820     9.74e-10    3.77e-09
2007 03 11  0818   54170  29880     9.61e-10    3.73e-09
2007 03 11  0819   54170  29940     9.97e-10    3.73e-09
2007 03 11  0820   54170  30000     9.84e-10    3.73e-09
2007 03 11  0821   54170  30060     9.86e-10    3.73e-09
2007 03 11  0822   54170  30120     9.71e-10    4.70e-09
2007 03 11  0823   54170  30180     9.92e-10    3.82e-09
2007 03 11  0824   54170  30240     1.08e-09    4.40e-09
2007 03 11  0825   54170  30300     9.80e-10    5.82e-09
2007 03 11  0826   54170  30360     1.21e-09    7.79e-09
2007 03 11  0827   54170  30420     9.82e-10    4.16e-09
2007 03 11  0828   54170  30480     1.05e-09    3.73e-09
2007 03 11  0829   54170  30540     9.84e-10    3.73e-09
2007 03 11  0830   54170  30600     1.04e-09    3.73e-09
2007 03 11  0831   54170  30660     9.88e-10    3.73e-09
2007 03 11  0832   54170  30720     1.01e-09    3.73e-09
2007 03 11  0833   54170  30780     1.01e-09    3.74e-09
2007 03 11  0834   54170  30840     1.01e-09    3.73e-09
2007 03 11  0835   54170  30900     9.94e-10    3.73e-09
2007 03 11  0836   54170  30960     1.01e-09    3.73e-09
2007 03 11  0837   54170  31020     9.98e-10    3.73e-09
2007 03 11  0838   54170  31080     1.05e-09    3.73e-09
2007 03 11  0839   54170  31140     1.02e-09    3.73e-09
2007 03 11  0840   54170  31200     1.03e-09    3.73e-09
2007 03 11  0841   54170  31260     1.01e-09    3.73e-09
2007 03 11  0842   54170  31320     1.01e-09    3.73e-09
2007 03 11  0843   54170  31380     1.03e-09    3.73e-09
2007 03 11  0844   54170  31440     1.05e-09    3.73e-09
2007 03 11  0845   54170  31500     1.02e-09    3.73e-09
2007 03 11  0846   54170  31560     1.09e-09    3.74e-09
2007 03 11  0847   54170  31620     1.02e-09    3.76e-09
2007 03 11  0848   54170  31680     1.03e-09    3.73e-09
2007 03 11  0849   54170  31740     1.05e-09    3.73e-09
2007 03 11  0850   54170  31800     1.04e-09    3.73e-09
2007 03 11  0851   54170  31860     1.04e-09    3.76e-09
2007 03 11  0852   54170  31920     1.05e-09    3.73e-09
2007 03 11  0853   54170  31980     1.08e-09    3.74e-09
2007 03 11  0854   54170  32040     1.08e-09    3.73e-09
2007 03 11  0855   54170  32100     1.08e-09    3.74e-09
2007 03 11  0856   54170  32160     1.12e-09    3.73e-09
2007 03 11  0857   54170  32220     1.19e-09    3.76e-09
2007 03 11  0858   54170  32280     1.17e-09    3.73e-09
2007 03 11  0859   54170  32340     1.30e-09    3.73e-09
2007 03 11  0900   54170  32400     1.34e-09    3.77e-09
2007 03 11  0901   54170  32460     2.68e-09    3.73e-09
2007 03 11  0902   54170  32520     3.00e-09    3.73e-09
2007 03 11  0903   54170  32580     3.00e-09    3.74e-09
2007 03 11  0904   54170  32640     3.00e-09    3.99e-09
2007 03 11  0905   54170  32700     3.06e-09    5.28e-09
2007 03 11  0906   54170  32760     3.93e-09    5.58e-09
2007 03 11  0907   54170  32820     4.94e-09    5.58e-09
2007 03 11  0908   54170  32880     4.94e-09    5.64e-09
2007 03 11  0909   54170  32940     4.94e-09    7.30e-09
2007 03 11  0910   54170  33000     4.94e-09    1.14e-08
2007 03 11  0911   54170  33060     4.94e-09    1.25e-08
2007 03 11  0912   54170  33120     4.94e-09    1.25e-08
2007 03 11  0913   54170  33180     4.94e-09    1.63e-08
2007 03 11  0914   54170  33240     4.94e-09    1.93e-08
2007 03 11  0915   54170  33300     5.27e-09    1.75e-08
2007 03 11  0916   54170  33360     5.98e-09    1.25e-08
2007 03 11  0917   54170  33420     6.86e-09    1.27e-08
2007 03 11  0918   54170  33480     6.88e-09    1.26e-08
2007 03 11  0919   54170  33540     6.88e-09    1.25e-08
2007 03 11  0920   54170  33600     6.89e-09    1.26e-08
2007 03 11  0921   54170  33660     6.89e-09    1.26e-08
2007 03 11  0922   54170  33720     6.89e-09    1.26e-08
2007 03 11  0923   54170  33780     6.89e-09    1.26e-08
2007 03 11  0924   54170  33840     6.92e-09    1.25e-08
2007 03 11  0925   54170  33900     6.91e-09    1.25e-08
2007 03 11  0926   54170  33960     6.91e-09    1.18e-08
2007 03 11  0927   54170  34020     6.91e-09    7.44e-09
2007 03 11  0928   54170  34080     6.91e-09    6.14e-09
2007 03 11  0929   54170  34140     6.92e-09    6.11e-09
2007 03 11  0930   54170  34200     6.93e-09    6.00e-09
2007 03 11  0931   54170  34260     6.93e-09    5.72e-09
2007 03 11  0932   54170  34320     6.94e-09    5.91e-09
2007 03 11  0933   54170  34380     6.95e-09    5.76e-09
2007 03 11  0934   54170  34440     6.95e-09    5.77e-09
2007 03 11  0935   54170  34500     7.02e-09    5.78e-09
2007 03 11  0936   54170  34560     6.96e-09    6.04e-09
2007 03 11  0937   54170  34620     6.96e-09    5.80e-09
2007 03 11  0938   54170  34680     6.97e-09    5.81e-09
2007 03 11  0939   54170  34740     6.96e-09    5.80e-09
2007 03 11  0940   54170  34800     6.98e-09    5.81e-09
2007 03 11  0941   54170  34860     6.99e-09    5.83e-09
2007 03 11  0942   54170  34920     7.01e-09    5.84e-09
2007 03 11  0943   54170  34980     7.13e-09    5.84e-09
2007 03 11  0944   54170  35040     7.51e-09    5.85e-09
2007 03 11  0945   54170  35100     8.16e-09    5.85e-09
2007 03 11  0946   54170  35160     8.02e-09    5.86e-09
2007 03 11  0947   54170  35220     8.53e-09    5.89e-09
2007 03 11  0948   54170  35280     8.76e-09    5.90e-09
2007 03 11  0949   54170  35340     8.95e-09    5.91e-09
2007 03 11  0950   54170  35400     8.95e-09    5.91e-09
2007 03 11  0951   54170  35460     8.95e-09    5.92e-09
2007 03 11  0952   54170  35520     8.89e-09    5.92e-09
2007 03 11  0953   54170  35580     8.96e-09    5.93e-09
2007 03 11  0954   54170  35640     8.91e-09    5.95e-09
2007 03 11  0955   54170  35700     8.83e-09    5.96e-09
2007 03 11  0956   54170  35760     8.35e-09    5.96e-09
2007 03 11  0957   54170  35820     8.39e-09    6.02e-09
2007 03 11  0958   54170  35880     8.60e-09    6.02e-09
2007 03 11  0959   54170  35940     8.42e-09    6.03e-09
2007 03 11  1000   54170  36000     8.02e-09    5.97e-09
2007 03 11  1001   54170  36060     8.14e-09    7.05e-09
2007 03 11  1002   54170  36120     8.03e-09    1.07e-08
2007 03 11  1003   54170  36180     8.50e-09    1.29e-08
2007 03 11  1004   54170  36240     8.60e-09    1.31e-08
2007 03 11  1005   54170  36300     8.58e-09    1.30e-08
2007 03 11  1006   54170  36360     8.68e-09    1.30e-08
2007 03 11  1007   54170  36420     8.81e-09    1.30e-08
2007 03 11  1008   54170  36480     8.28e-09    1.30e-08
2007 03 11  1009   54170  36540     7.88e-09    1.30e-08
2007 03 11  1010   54170  36600     8.31e-09    1.30e-08
2007 03 11  1011   54170  36660     8.32e-09    1.30e-08
2007 03 11  1012   54170  36720     8.42e-09    1.27e-08
2007 03 11  1013   54170  36780     8.38e-09    1.13e-08
2007 03 11  1014   54170  36840     8.48e-09    7.96e-09
2007 03 11  1015   54170  36900     7.51e-09    6.48e-09
2007 03 11  1016   54170  36960     7.24e-09    6.01e-09
2007 03 11  1017   54170  37020     7.06e-09    6.02e-09
2007 03 11  1018   54170  37080     7.05e-09    6.03e-09
2007 03 11  1019   54170  37140     7.09e-09    6.22e-09
2007 03 11  1020   54170  37200     7.07e-09    6.05e-09
2007 03 11  1021   54170  37260     7.11e-09    6.12e-09
2007 03 11  1022   54170  37320     7.50e-09    6.07e-09
2007 03 11  1023   54170  37380     8.68e-09    6.07e-09
2007 03 11  1024   54170  37440     8.76e-09    6.07e-09
2007 03 11  1025   54170  37500     7.78e-09    6.08e-09
2007 03 11  1026   54170  37560     7.14e-09    6.10e-09
2007 03 11  1027   54170  37620     7.10e-09    6.12e-09
2007 03 11  1028   54170  37680     7.19e-09    6.13e-09
2007 03 11  1029   54170  37740     7.09e-09    6.14e-09
2007 03 11  1030   54170  37800     7.13e-09    6.15e-09
2007 03 11  1031   54170  37860     7.10e-09    6.16e-09
2007 03 11  1032   54170  37920     7.15e-09    6.16e-09
2007 03 11  1033   54170  37980     7.14e-09    6.17e-09
2007 03 11  1034   54170  38040     7.26e-09    6.18e-09
2007 03 11  1035   54170  38100     7.74e-09    6.18e-09
2007 03 11  1036   54170  38160     7.19e-09    6.19e-09
2007 03 11  1037   54170  38220     7.14e-09    6.19e-09
2007 03 11  1038   54170  38280     7.26e-09    6.18e-09
2007 03 11  1039   54170  38340     7.11e-09    6.18e-09
2007 03 11  1040   54170  38400     7.24e-09    6.19e-09
2007 03 11  1041   54170  38460     7.11e-09    6.20e-09
2007 03 11  1042   54170  38520     7.15e-09    6.20e-09
2007 03 11  1043   54170  38580     7.23e-09    6.20e-09
2007 03 11  1044   54170  38640     7.27e-09    6.21e-09
2007 03 11  1045   54170  38700     7.13e-09    6.21e-09
2007 03 11  1046   54170  38760     7.12e-09    6.22e-09
2007 03 11  1047   54170  38820     7.14e-09    6.23e-09
2007 03 11  1048   54170  38880     7.12e-09    6.23e-09
2007 03 11  1049   54170  38940     7.16e-09    6.21e-09
2007 03 11  1050   54170  39000     7.17e-09    6.22e-09
2007 03 11  1051   54170  39060     7.22e-09    6.23e-09
2007 03 11  1052   54170  39120     7.19e-09    6.24e-09
2007 03 11  1053   54170  39180     7.13e-09    6.25e-09
2007 03 11  1054   54170  39240     7.13e-09    6.25e-09
2007 03 11  1055   54170  39300     7.13e-09    6.25e-09
2007 03 11  1056   54170  39360     7.30e-09    6.27e-09
2007 03 11  1057   54170  39420     7.17e-09    6.25e-09
2007 03 11  1058   54170  39480     7.17e-09    6.23e-09
2007 03 11  1059   54170  39540     7.18e-09    6.26e-09
2007 03 11  1100   54170  39600     7.15e-09    5.87e-09
2007 03 11  1101   54170  39660     7.18e-09    5.09e-09
2007 03 11  1102   54170  39720     7.17e-09    4.79e-09
2007 03 11  1103   54170  39780     7.21e-09    4.21e-09
2007 03 11  1104   54170  39840     7.16e-09    3.90e-09
2007 03 11  1105   54170  39900     7.17e-09    3.84e-09
2007 03 11  1106   54170  39960     7.17e-09    3.73e-09
2007 03 11  1107   54170  40020     7.17e-09    3.73e-09
2007 03 11  1108   54170  40080     7.88e-09    3.79e-09
2007 03 11  1109   54170  40140     8.55e-09    3.88e-09
2007 03 11  1110   54170  40200     8.94e-09    4.00e-09
2007 03 11  1111   54170  40260     9.11e-09    3.88e-09
2007 03 11  1112   54170  40320     9.13e-09    3.82e-09
2007 03 11  1113   54170  40380     9.13e-09    3.75e-09
2007 03 11  1114   54170  40440     9.14e-09    3.75e-09
2007 03 11  1115   54170  40500     9.14e-09    3.91e-09
2007 03 11  1116   54170  40560     9.05e-09    3.73e-09
2007 03 11  1117   54170  40620     9.01e-09    3.84e-09
2007 03 11  1118   54170  40680     9.02e-09    3.73e-09
2007 03 11  1119   54170  40740     9.16e-09    3.75e-09
2007 03 11  1120   54170  40800     9.14e-09    3.84e-09
2007 03 11  1121   54170  40860     9.14e-09    3.86e-09
2007 03 11  1122   54170  40920     9.16e-09    3.91e-09
2007 03 11  1123   54170  40980     9.16e-09    3.89e-09
2007 03 11  1124   54170  41040     9.31e-09    3.79e-09
2007 03 11  1125   54170  41100     9.14e-09    3.73e-09
2007 03 11  1126   54170  41160     9.18e-09    3.77e-09
2007 03 11  1127   54170  41220     9.18e-09    3.77e-09
2007 03 11  1128   54170  41280     9.16e-09    3.93e-09
2007 03 11  1129   54170  41340     9.23e-09    3.86e-09
2007 03 11  1130   54170  41400     9.61e-09    3.73e-09
2007 03 11  1131   54170  41460     1.04e-08    3.88e-09
2007 03 11  1132   54170  41520     1.10e-08    3.75e-09
2007 03 11  1133   54170  41580     1.06e-08    3.75e-09
2007 03 11  1134   54170  41640     1.10e-08    3.86e-09
2007 03 11  1135   54170  41700     1.11e-08    4.46e-09
2007 03 11  1136   54170  41760     1.11e-08    4.48e-09
2007 03 11  1137   54170  41820     1.11e-08    4.32e-09
2007 03 11  1138   54170  41880     1.11e-08    4.14e-09
2007 03 11  1139   54170  41940     1.10e-08    3.84e-09
2007 03 11  1140   54170  42000     1.10e-08    4.11e-09
2007 03 11  1141   54170  42060     1.11e-08    4.18e-09
2007 03 11  1142   54170  42120     1.10e-08    4.65e-09
2007 03 11  1143   54170  42180     1.09e-08    4.63e-09
2007 03 11  1144   54170  42240     1.11e-08    5.46e-09
2007 03 11  1145   54170  42300     1.11e-08    6.45e-09
2007 03 11  1146   54170  42360     1.11e-08    6.48e-09
2007 03 11  1147   54170  42420     1.11e-08    6.47e-09
2007 03 11  1148   54170  42480     1.11e-08    6.48e-09
2007 03 11  1149   54170  42540     1.11e-08    6.50e-09
2007 03 11  1150   54170  42600     1.11e-08    6.51e-09
2007 03 11  1151   54170  42660     1.11e-08    6.53e-09
2007 03 11  1152   54170  42720     1.12e-08    6.55e-09
2007 03 11  1153   54170  42780     1.12e-08    6.57e-09
2007 03 11  1154   54170  42840     1.12e-08    6.58e-09
2007 03 11  1155   54170  42900     1.12e-08    6.59e-09
2007 03 11  1156   54170  42960     1.12e-08    6.58e-09
2007 03 11  1157   54170  43020     1.12e-08    6.59e-09
2007 03 11  1158   54170  43080     1.12e-08    6.60e-09
2007 03 11  1159   54170  43140     1.12e-08    6.59e-09
2007 03 11  1200   54170  43200     1.12e-08    6.59e-09
2007 03 11  1201   54170  43260     1.12e-08    6.60e-09
2007 03 11  1202   54170  43320     1.12e-08    6.61e-09
2007 03 11  1203   54170  43380     1.12e-08    6.61e-09
2007 03 11  1204   54170  43440     1.12e-08    6.61e-09
2007 03 11  1205   54170  43500     1.08e-08    6.61e-09
2007 03 11  1206   54170  43560     9.61e-09    6.61e-09
2007 03 11  1207   54170  43620     9.24e-09    6.61e-09
2007 03 11  1208   54170  43680     9.24e-09    6.61e-09
2007 03 11  1209   54170  43740     9.22e-09    6.62e-09
2007 03 11  1210   54170  43800     9.22e-09    6.62e-09
2007 03 11  1211   54170  43860     9.24e-09    6.62e-09
2007 03 11  1212   54170  43920     9.23e-09    6.63e-09
2007 03 11  1213   54170  43980     9.25e-09    6.63e-09
2007 03 11  1214   54170  44040     9.23e-09    6.64e-09
2007 03 11  1215   54170  44100     9.23e-09    6.65e-09
2007 03 11  1216   54170  44160     9.24e-09    6.65e-09
2007 03 11  1217   54170  44220     9.22e-09    6.65e-09
2007 03 11  1218   54170  44280     9.24e-09    6.66e-09
2007 03 11  1219   54170  44340     9.29e-09    6.67e-09
2007 03 11  1220   54170  44400     9.24e-09    6.66e-09
2007 03 11  1221   54170  44460     9.24e-09    6.66e-09
2007 03 11  1222   54170  44520     9.24e-09    6.67e-09
2007 03 11  1223   54170  44580     9.25e-09    6.67e-09
2007 03 11  1224   54170  44640     8.98e-09    6.68e-09
2007 03 11  1225   54170  44700     7.51e-09    6.67e-09
2007 03 11  1226   54170  44760     7.40e-09    6.69e-09
2007 03 11  1227   54170  44820     7.30e-09    6.70e-09
2007 03 11  1228   54170  44880     7.30e-09    6.71e-09
2007 03 11  1229   54170  44940     7.34e-09    6.71e-09
2007 03 11  1230   54170  45000     7.32e-09    6.71e-09
2007 03 11  1231   54170  45060     7.31e-09    6.73e-09
2007 03 11  1232   54170  45120     7.31e-09    6.74e-09
2007 03 11  1233   54170  45180     7.39e-09    6.67e-09
2007 03 11  1234   54170  45240     7.32e-09    6.13e-09
2007 03 11  1235   54170  45300     7.30e-09    6.27e-09
2007 03 11  1236   54170  45360     7.11e-09    5.36e-09
2007 03 11  1237   54170  45420     6.59e-09    3.91e-09
2007 03 11  1238   54170  45480     6.09e-09    3.99e-09
2007 03 11  1239   54170  45540     5.50e-09    3.78e-09
2007 03 11  1240   54170  45600     5.45e-09    3.78e-09
2007 03 11  1241   54170  45660     5.56e-09    3.75e-09
2007 03 11  1242   54170  45720     5.55e-09    3.83e-09
2007 03 11  1243   54170  45780     5.42e-09    3.75e-09
2007 03 11  1244   54170  45840     5.45e-09    3.75e-09
2007 03 11  1245   54170  45900     5.44e-09    3.78e-09
2007 03 11  1246   54170  45960     5.45e-09    3.80e-09
2007 03 11  1247   54170  46020     5.42e-09    3.78e-09
2007 03 11  1248   54170  46080     5.42e-09    3.73e-09
2007 03 11  1249   54170  46140     5.51e-09    3.75e-09
2007 03 11  1250   54170  46200     5.39e-09    3.73e-09
2007 03 11  1251   54170  46260     5.39e-09    3.75e-09
2007 03 11  1252   54170  46320     5.39e-09    3.73e-09
2007 03 11  1253   54170  46380     5.39e-09    3.73e-09
2007 03 11  1254   54170  46440     5.39e-09    3.73e-09
2007 03 11  1255   54170  46500     5.39e-09    3.75e-09
2007 03 11  1256   54170  46560     5.39e-09    3.73e-09
2007 03 11  1257   54170  46620     5.39e-09    4.04e-09
2007 03 11  1258   54170  46680     5.41e-09    5.34e-09
2007 03 11  1259   54170  46740     5.39e-09    6.80e-09
2007 03 11  1300   54170  46800     5.59e-09    6.82e-09
2007 03 11  1301   54170  46860     5.77e-09    6.72e-09
2007 03 11  1302   54170  46920     5.69e-09    5.77e-09
2007 03 11  1303   54170  46980     6.66e-09    4.84e-09
2007 03 11  1304   54170  47040     6.34e-09    3.78e-09
2007 03 11  1305   54170  47100     5.69e-09    3.75e-09
2007 03 11  1306   54170  47160     5.57e-09    3.73e-09
2007 03 11  1307   54170  47220     5.41e-09    3.73e-09
2007 03 11  1308   54170  47280     5.46e-09    3.73e-09
2007 03 11  1309   54170  47340     5.39e-09    3.73e-09
2007 03 11  1310   54170  47400     5.39e-09    3.73e-09
2007 03 11  1311   54170  47460     5.40e-09    3.73e-09
2007 03 11  1312   54170  47520     5.40e-09    3.73e-09
2007 03 11  1313   54170  47580     5.40e-09    3.75e-09
2007 03 11  1314   54170  47640     5.40e-09    3.73e-09
2007 03 11  1315   54170  47700     5.40e-09    3.75e-09
2007 03 11  1316   54170  47760     5.40e-09    3.73e-09
2007 03 11  1317   54170  47820     5.40e-09    3.73e-09
2007 03 11  1318   54170  47880     5.40e-09    4.34e-09
2007 03 11  1319   54170  47940     5.40e-09    5.38e-09
2007 03 11  1320   54170  48000     5.40e-09    6.52e-09
2007 03 11  1321   54170  48060     5.40e-09    6.58e-09
2007 03 11  1322   54170  48120     5.40e-09    6.24e-09
2007 03 11  1323   54170  48180     5.36e-09    4.85e-09
2007 03 11  1324   54170  48240     5.31e-09    3.89e-09
2007 03 11  1325   54170  48300     4.61e-09    3.78e-09
2007 03 11  1326   54170  48360     4.46e-09    3.73e-09
2007 03 11  1327   54170  48420     3.99e-09    3.78e-09
2007 03 11  1328   54170  48480     3.48e-09    3.73e-09
2007 03 11  1329   54170  48540     3.66e-09    3.75e-09
2007 03 11  1330   54170  48600     3.50e-09    3.73e-09
2007 03 11  1331   54170  48660     3.47e-09    3.73e-09
2007 03 11  1332   54170  48720     3.51e-09    5.07e-09
2007 03 11  1333   54170  48780     3.70e-09    6.95e-09
2007 03 11  1334   54170  48840     5.24e-09    1.26e-08
2007 03 11  1335   54170  48900     5.44e-09    2.01e-08
2007 03 11  1336   54170  48960     5.51e-09    2.72e-08
2007 03 11  1337   54170  49020     5.47e-09    3.21e-08
2007 03 11  1338   54170  49080     5.44e-09    3.50e-08
2007 03 11  1339   54170  49140     5.44e-09    3.50e-08
2007 03 11  1340   54170  49200     5.45e-09    3.48e-08
2007 03 11  1341   54170  49260     5.42e-09    2.90e-08
2007 03 11  1342   54170  49320     4.70e-09    2.81e-08
2007 03 11  1343   54170  49380     3.69e-09    2.80e-08
2007 03 11  1344   54170  49440     3.56e-09    2.75e-08
2007 03 11  1345   54170  49500     3.50e-09    2.19e-08
2007 03 11  1346   54170  49560     3.50e-09    2.11e-08
2007 03 11  1347   54170  49620     3.52e-09    2.10e-08
2007 03 11  1348   54170  49680     3.50e-09    2.10e-08
2007 03 11  1349   54170  49740     3.51e-09    2.10e-08
2007 03 11  1350   54170  49800     3.52e-09    1.67e-08
2007 03 11  1351   54170  49860     3.51e-09    1.43e-08
2007 03 11  1352   54170  49920     3.51e-09    1.40e-08
2007 03 11  1353   54170  49980     3.51e-09    1.40e-08
2007 03 11  1354   54170  50040     3.51e-09    1.40e-08
2007 03 11  1355   54170  50100     3.51e-09    1.40e-08
2007 03 11  1356   54170  50160     3.53e-09    1.40e-08
2007 03 11  1357   54170  50220     3.51e-09    1.39e-08
2007 03 11  1358   54170  50280     3.51e-09    1.05e-08
2007 03 11  1359   54170  50340     3.51e-09    7.28e-09
2007 03 11  1400   54170  50400     3.51e-09    7.04e-09
2007 03 11  1401   54170  50460     3.56e-09    7.28e-09
2007 03 11  1402   54170  50520     3.51e-09    7.05e-09
2007 03 11  1403   54170  50580     3.51e-09    7.05e-09
2007 03 11  1404   54170  50640     3.52e-09    7.05e-09
2007 03 11  1405   54170  50700     3.52e-09    7.06e-09
2007 03 11  1406   54170  50760     3.52e-09    7.12e-09
2007 03 11  1407   54170  50820     3.52e-09    7.05e-09
2007 03 11  1408   54170  50880     3.47e-09    7.06e-09
2007 03 11  1409   54170  50940     3.52e-09    7.06e-09
2007 03 11  1410   54170  51000     3.52e-09    7.06e-09
2007 03 11  1411   54170  51060     3.50e-09    7.06e-09
2007 03 11  1412   54170  51120     3.52e-09    7.13e-09
2007 03 11  1413   54170  51180     3.52e-09    7.08e-09
2007 03 11  1414   54170  51240     3.53e-09    7.09e-09
2007 03 11  1415   54170  51300     3.53e-09    6.98e-09
2007 03 11  1416   54170  51360     3.48e-09    6.10e-09
2007 03 11  1417   54170  51420     3.43e-09    4.79e-09
2007 03 11  1418   54170  51480     3.52e-09    4.25e-09
2007 03 11  1419   54170  51540     3.25e-09    3.78e-09
2007 03 11  1420   54170  51600     3.47e-09    3.84e-09
2007 03 11  1421   54170  51660     3.54e-09    3.73e-09
2007 03 11  1422   54170  51720     3.54e-09    3.75e-09
2007 03 11  1423   54170  51780     3.54e-09    3.81e-09
2007 03 11  1424   54170  51840     3.54e-09    3.73e-09
2007 03 11  1425   54170  51900     3.54e-09    3.73e-09
2007 03 11  1426   54170  51960     3.54e-09    3.73e-09
2007 03 11  1427   54170  52020     3.54e-09    3.73e-09
2007 03 11  1428   54170  52080     3.51e-09    3.81e-09
2007 03 11  1429   54170  52140     3.08e-09    3.73e-09
2007 03 11  1430   54170  52200     3.23e-09    3.73e-09
2007 03 11  1431   54170  52260     3.35e-09    3.73e-09
2007 03 11  1432   54170  52320     3.40e-09    3.73e-09
2007 03 11  1433   54170  52380     3.37e-09    3.73e-09
2007 03 11  1434   54170  52440     3.19e-09    3.73e-09
2007 03 11  1435   54170  52500     3.01e-09    3.73e-09
2007 03 11  1436   54170  52560     2.72e-09    3.73e-09
2007 03 11  1437   54170  52620     2.70e-09    3.73e-09
2007 03 11  1438   54170  52680     3.10e-09    3.73e-09
2007 03 11  1439   54170  52740     3.01e-09    3.76e-09
2007 03 11  1440   54170  52800     3.30e-09    3.76e-09
2007 03 11  1441   54170  52860     3.49e-09    3.76e-09
2007 03 11  1442   54170  52920     3.47e-09    3.73e-09
2007 03 11  1443   54170  52980     3.39e-09    3.73e-09
2007 03 11  1444   54170  53040     3.34e-09    3.73e-09
2007 03 11  1445   54170  53100     3.37e-09    3.73e-09
2007 03 11  1446   54170  53160     3.14e-09    3.73e-09
2007 03 11  1447   54170  53220     2.54e-09    3.76e-09
2007 03 11  1448   54170  53280     2.30e-09    3.73e-09
2007 03 11  1449   54170  53340     2.12e-09    3.73e-09
2007 03 11  1450   54170  53400     2.17e-09    3.73e-09
2007 03 11  1451   54170  53460     2.07e-09    3.73e-09
2007 03 11  1452   54170  53520     1.82e-09    3.73e-09
2007 03 11  1453   54170  53580     1.75e-09    3.73e-09
2007 03 11  1454   54170  53640     1.75e-09    3.73e-09
2007 03 11  1455   54170  53700     1.77e-09    3.73e-09
2007 03 11  1456   54170  53760     1.89e-09    3.73e-09
2007 03 11  1457   54170  53820     1.87e-09    3.73e-09
2007 03 11  1458   54170  53880     1.77e-09    3.73e-09
2007 03 11  1459   54170  53940     2.07e-09    3.73e-09
2007 03 11  1500   54170  54000     1.84e-09    3.73e-09
2007 03 11  1501   54170  54060     2.12e-09    3.73e-09
2007 03 11  1502   54170  54120     1.99e-09    3.73e-09
2007 03 11  1503   54170  54180     2.26e-09    4.15e-09
2007 03 11  1504   54170  54240     1.90e-09    3.73e-09
2007 03 11  1505   54170  54300     1.74e-09    3.79e-09
2007 03 11  1506   54170  54360     1.86e-09    3.73e-09
2007 03 11  1507   54170  54420     1.82e-09    3.73e-09
2007 03 11  1508   54170  54480     2.04e-09    3.73e-09
2007 03 11  1509   54170  54540     1.64e-09    3.73e-09
2007 03 11  1510   54170  54600     1.74e-09    3.73e-09
2007 03 11  1511   54170  54660     1.69e-09    3.73e-09
2007 03 11  1512   54170  54720     1.66e-09    3.79e-09
2007 03 11  1513   54170  54780     1.64e-09    3.73e-09
2007 03 11  1514   54170  54840     1.67e-09    3.73e-09
2007 03 11  1515   54170  54900     1.76e-09    3.73e-09
2007 03 11  1516   54170  54960     1.69e-09    3.91e-09
2007 03 11  1517   54170  55020     1.87e-09    8.03e-09
2007 03 11  1518   54170  55080     2.24e-09    1.30e-08
2007 03 11  1519   54170  55140     1.71e-09    7.25e-09
2007 03 11  1520   54170  55200     1.77e-09    6.56e-09
2007 03 11  1521   54170  55260     1.69e-09    3.94e-09
2007 03 11  1522   54170  55320     1.67e-09    3.73e-09
2007 03 11  1523   54170  55380     1.64e-09    3.73e-09
2007 03 11  1524   54170  55440     1.71e-09    3.73e-09
2007 03 11  1525   54170  55500     1.62e-09    3.76e-09
2007 03 11  1526   54170  55560     1.66e-09    3.73e-09
2007 03 11  1527   54170  55620     1.62e-09    3.73e-09
2007 03 11  1528   54170  55680     1.62e-09    3.73e-09
2007 03 11  1529   54170  55740     1.67e-09    3.73e-09
2007 03 11  1530   54170  55800     1.62e-09    3.73e-09
2007 03 11  1531   54170  55860     1.64e-09    3.73e-09
2007 03 11  1532   54170  55920     1.66e-09    3.73e-09
2007 03 11  1533   54170  55980     1.62e-09    3.73e-09
2007 03 11  1534   54170  56040     1.62e-09    3.73e-09
2007 03 11  1535   54170  56100     1.66e-09    3.79e-09
2007 03 11  1536   54170  56160     1.67e-09    3.73e-09
2007 03 11  1537   54170  56220     1.62e-09    3.73e-09
2007 03 11  1538   54170  56280     1.63e-09    3.73e-09
2007 03 11  1539   54170  56340     1.63e-09    3.73e-09
2007 03 11  1540   54170  56400     1.62e-09    3.73e-09
2007 03 11  1541   54170  56460     1.66e-09    3.73e-09
2007 03 11  1542   54170  56520     1.64e-09    3.73e-09
2007 03 11  1543   54170  56580     1.62e-09    3.73e-09
2007 03 11  1544   54170  56640     1.66e-09    3.73e-09
2007 03 11  1545   54170  56700     1.63e-09    3.73e-09
2007 03 11  1546   54170  56760     1.69e-09    3.73e-09
2007 03 11  1547   54170  56820     1.63e-09    3.73e-09
2007 03 11  1548   54170  56880     1.63e-09    3.73e-09
2007 03 11  1549   54170  56940     1.66e-09    3.76e-09
2007 03 11  1550   54170  57000     1.68e-09    3.73e-09
2007 03 11  1551   54170  57060     1.66e-09    3.73e-09
2007 03 11  1552   54170  57120     1.65e-09    3.73e-09
2007 03 11  1553   54170  57180     1.65e-09    3.73e-09
2007 03 11  1554   54170  57240     1.65e-09    3.73e-09
2007 03 11  1555   54170  57300     1.67e-09    3.73e-09
2007 03 11  1556   54170  57360     1.66e-09    3.73e-09
2007 03 11  1557   54170  57420     1.68e-09    3.73e-09
2007 03 11  1558   54170  57480     1.67e-09    3.73e-09
2007 03 11  1559   54170  57540     1.67e-09    3.73e-09
2007 03 11  1600   54170  57600     1.72e-09    3.73e-09
2007 03 11  1601   54170  57660     1.69e-09    3.73e-09
2007 03 11  1602   54170  57720     1.68e-09    3.73e-09
2007 03 11  1603   54170  57780     1.68e-09    3.73e-09
2007 03 11  1604   54170  57840     1.68e-09    3.73e-09
2007 03 11  1605   54170  57900     1.70e-09    3.73e-09
2007 03 11  1606   54170  57960     1.68e-09    3.73e-09
2007 03 11  1607   54170  58020     1.68e-09    3.73e-09
2007 03 11  1608   54170  58080     1.69e-09    3.73e-09
2007 03 11  1609   54170  58140     1.69e-09    3.73e-09
2007 03 11  1610   54170  58200     1.70e-09    3.73e-09
2007 03 11  1611   54170  58260     1.71e-09    3.73e-09
2007 03 11  1612   54170  58320     1.69e-09    3.73e-09
2007 03 11  1613   54170  58380     1.69e-09    3.73e-09
2007 03 11  1614   54170  58440     1.69e-09    3.73e-09
2007 03 11  1615   54170  58500     1.70e-09    3.73e-09
2007 03 11  1616   54170  58560     1.70e-09    3.73e-09
2007 03 11  1617   54170  58620     1.70e-09    3.73e-09
2007 03 11  1618   54170  58680     1.70e-09    3.73e-09
2007 03 11  1619   54170  58740     1.70e-09    3.73e-09
2007 03 11  1620   54170  58800     1.70e-09    3.73e-09
2007 03 11  1621   54170  58860     1.72e-09    3.73e-09
2007 03 11  1622   54170  58920     1.70e-09    3.73e-09
2007 03 11  1623   54170  58980     1.70e-09    3.73e-09
2007 03 11  1624   54170  59040     1.72e-09    3.73e-09
2007 03 11  1625   54170  59100     1.70e-09    3.73e-09
2007 03 11  1626   54170  59160     1.71e-09    3.73e-09
2007 03 11  1627   54170  59220     1.71e-09    3.73e-09
2007 03 11  1628   54170  59280     1.71e-09    3.73e-09
2007 03 11  1629   54170  59340     1.71e-09    3.73e-09
2007 03 11  1630   54170  59400     1.71e-09    3.73e-09
2007 03 11  1631   54170  59460     1.72e-09    3.73e-09
2007 03 11  1632   54170  59520     1.72e-09    3.73e-09
2007 03 11  1633   54170  59580     1.72e-09    3.73e-09
2007 03 11  1634   54170  59640     1.72e-09    3.79e-09
2007 03 11  1635   54170  59700     1.72e-09    3.76e-09
2007 03 11  1636   54170  59760     1.72e-09    4.41e-09
2007 03 11  1637   54170  59820     1.72e-09    3.86e-09
2007 03 11  1638   54170  59880     1.72e-09    3.79e-09
2007 03 11  1639   54170  59940     1.72e-09    3.73e-09
2007 03 11  1640   54170  60000     1.74e-09    3.73e-09
2007 03 11  1641   54170  60060     1.73e-09    3.76e-09
2007 03 11  1642   54170  60120     1.73e-09    3.73e-09
2007 03 11  1643   54170  60180     1.73e-09    3.73e-09
2007 03 11  1644   54170  60240     1.73e-09    3.73e-09
2007 03 11  1645   54170  60300     1.73e-09    3.73e-09
2007 03 11  1646   54170  60360     1.74e-09    3.76e-09
2007 03 11  1647   54170  60420     1.74e-09    3.73e-09
2007 03 11  1648   54170  60480     1.74e-09    3.73e-09
2007 03 11  1649   54170  60540     1.74e-09    3.73e-09
2007 03 11  1650   54170  60600     1.74e-09    3.73e-09
2007 03 11  1651   54170  60660     1.74e-09    3.73e-09
2007 03 11  1652   54170  60720     1.74e-09    3.73e-09
2007 03 11  1653   54170  60780     1.78e-09    3.73e-09
2007 03 11  1654   54170  60840     1.74e-09    3.73e-09
2007 03 11  1655   54170  60900     1.74e-09    3.73e-09
2007 03 11  1656   54170  60960     1.74e-09    3.73e-09
2007 03 11  1657   54170  61020     1.75e-09    3.73e-09
2007 03 11  1658   54170  61080     1.75e-09    3.73e-09
2007 03 11  1659   54170  61140     1.75e-09    3.73e-09
2007 03 11  1700   54170  61200     1.75e-09    3.73e-09
2007 03 11  1701   54170  61260     1.75e-09    3.73e-09
2007 03 11  1702   54170  61320     1.76e-09    3.73e-09
2007 03 11  1703   54170  61380     1.76e-09    3.73e-09
2007 03 11  1704   54170  61440     1.76e-09    3.73e-09
2007 03 11  1705   54170  61500     1.76e-09    3.73e-09
2007 03 11  1706   54170  61560     1.76e-09    3.73e-09
2007 03 11  1707   54170  61620     1.76e-09    3.79e-09
2007 03 11  1708   54170  61680     1.76e-09    3.73e-09
2007 03 11  1709   54170  61740     1.76e-09    3.73e-09
2007 03 11  1710   54170  61800     1.76e-09    3.73e-09
2007 03 11  1711   54170  61860     1.76e-09    3.76e-09
2007 03 11  1712   54170  61920     1.76e-09    3.73e-09
2007 03 11  1713   54170  61980     1.76e-09    3.73e-09
2007 03 11  1714   54170  62040     1.76e-09    3.73e-09
2007 03 11  1715   54170  62100     1.76e-09    3.73e-09
2007 03 11  1716   54170  62160     1.80e-09    3.73e-09
2007 03 11  1717   54170  62220     1.78e-09    3.83e-09
2007 03 11  1718   54170  62280     1.77e-09    3.73e-09
2007 03 11  1719   54170  62340     1.78e-09    3.73e-09
2007 03 11  1720   54170  62400     1.76e-09    3.73e-09
2007 03 11  1721   54170  62460     1.78e-09    3.73e-09
2007 03 11  1722   54170  62520     1.76e-09    3.79e-09
2007 03 11  1723   54170  62580     1.76e-09    3.73e-09
2007 03 11  1724   54170  62640     1.77e-09    3.73e-09
2007 03 11  1725   54170  62700     1.77e-09    3.73e-09
2007 03 11  1726   54170  62760     1.77e-09    3.73e-09
2007 03 11  1727   54170  62820     1.77e-09    3.73e-09
2007 03 11  1728   54170  62880     1.77e-09    3.73e-09
2007 03 11  1729   54170  62940     1.80e-09    3.73e-09
2007 03 11  1730   54170  63000     1.77e-09    3.73e-09
2007 03 11  1731   54170  63060     1.77e-09    3.73e-09
2007 03 11  1732   54170  63120     1.77e-09    3.73e-09
2007 03 11  1733   54170  63180     1.77e-09    3.76e-09
2007 03 11  1734   54170  63240     1.77e-09    3.73e-09
2007 03 11  1735   54170  63300     1.77e-09    3.73e-09
2007 03 11  1736   54170  63360     1.77e-09    3.73e-09
2007 03 11  1737   54170  63420     1.77e-09    3.73e-09
2007 03 11  1738   54170  63480     1.77e-09    3.73e-09
2007 03 11  1739   54170  63540     1.77e-09    3.73e-09
2007 03 11  1740   54170  63600     1.77e-09    3.73e-09
2007 03 11  1741   54170  63660     1.77e-09    3.73e-09
2007 03 11  1742   54170  63720     1.77e-09    3.73e-09
2007 03 11  1743   54170  63780     1.77e-09    3.73e-09
2007 03 11  1744   54170  63840     1.77e-09    3.73e-09
2007 03 11  1745   54170  63900     1.77e-09    3.73e-09
2007 03 11  1746   54170  63960     1.77e-09    3.73e-09
2007 03 11  1747   54170  64020     1.77e-09    3.73e-09
2007 03 11  1748   54170  64080     1.77e-09    3.73e-09
2007 03 11  1749   54170  64140     1.77e-09    3.73e-09
2007 03 11  1750   54170  64200     1.77e-09    3.73e-09
2007 03 11  1751   54170  64260     1.77e-09    3.73e-09
2007 03 11  1752   54170  64320     1.77e-09    3.73e-09
2007 03 11  1753   54170  64380     1.77e-09    3.73e-09
2007 03 11  1754   54170  64440     1.77e-09    3.73e-09
2007 03 11  1755   54170  64500     1.77e-09    3.73e-09
2007 03 11  1756   54170  64560     1.84e-09    3.73e-09
2007 03 11  1757   54170  64620     1.77e-09    3.73e-09
2007 03 11  1758   54170  64680     1.81e-09    3.73e-09
2007 03 11  1759   54170  64740     1.77e-09    3.73e-09
2007 03 11  1800   54170  64800     1.79e-09    3.73e-09
2007 03 11  1801   54170  64860     1.84e-09    3.73e-09
2007 03 11  1802   54170  64920     1.77e-09    3.73e-09
2007 03 11  1803   54170  64980     1.77e-09    3.73e-09
2007 03 11  1804   54170  65040     1.77e-09    3.73e-09
2007 03 11  1805   54170  65100     1.77e-09    3.73e-09
2007 03 11  1806   54170  65160     1.75e-09    3.73e-09
2007 03 11  1807   54170  65220     1.77e-09    3.73e-09
2007 03 11  1808   54170  65280     1.78e-09    3.73e-09
2007 03 11  1809   54170  65340     1.78e-09    3.73e-09
2007 03 11  1810   54170  65400     1.78e-09    3.73e-09
2007 03 11  1811   54170  65460     1.78e-09    3.73e-09
2007 03 11  1812   54170  65520     1.90e-09    3.73e-09
2007 03 11  1813   54170  65580     1.79e-09    3.73e-09
2007 03 11  1814   54170  65640     1.80e-09    3.73e-09
2007 03 11  1815   54170  65700     1.80e-09    3.73e-09
2007 03 11  1816   54170  65760     1.81e-09    3.73e-09
2007 03 11  1817   54170  65820     1.79e-09    3.73e-09
2007 03 11  1818   54170  65880     1.79e-09    3.73e-09
2007 03 11  1819   54170  65940     1.79e-09    3.73e-09
2007 03 11  1820   54170  66000     1.79e-09    3.73e-09
2007 03 11  1821   54170  66060     1.79e-09    3.73e-09
2007 03 11  1822   54170  66120     1.79e-09    3.73e-09
2007 03 11  1823   54170  66180     1.80e-09    3.73e-09
2007 03 11  1824   54170  66240     1.80e-09    3.73e-09
2007 03 11  1825   54170  66300     1.82e-09    3.73e-09
2007 03 11  1826   54170  66360     1.80e-09    3.73e-09
2007 03 11  1827   54170  66420     1.80e-09    3.73e-09
2007 03 11  1828   54170  66480     1.81e-09    3.73e-09
2007 03 11  1829   54170  66540     1.81e-09    3.73e-09
2007 03 11  1830   54170  66600     1.81e-09    3.73e-09
2007 03 11  1831   54170  66660     1.81e-09    3.73e-09
2007 03 11  1832   54170  66720     1.81e-09    3.73e-09
2007 03 11  1833   54170  66780     1.81e-09    3.73e-09
2007 03 11  1834   54170  66840     1.81e-09    3.73e-09
2007 03 11  1835   54170  66900     1.81e-09    3.73e-09
2007 03 11  1836   54170  66960     1.81e-09    3.73e-09
2007 03 11  1837   54170  67020     1.83e-09    3.73e-09
2007 03 11  1838   54170  67080     1.82e-09    3.73e-09
2007 03 11  1839   54170  67140     1.82e-09    3.73e-09
2007 03 11  1840   54170  67200     1.83e-09    3.73e-09
2007 03 11  1841   54170  67260     1.84e-09    3.73e-09
2007 03 11  1842   54170  67320     1.82e-09    3.73e-09
2007 03 11  1843   54170  67380     1.82e-09    3.73e-09
2007 03 11  1844   54170  67440     1.86e-09    3.73e-09
2007 03 11  1845   54170  67500     1.82e-09    3.73e-09
2007 03 11  1846   54170  67560     1.83e-09    3.73e-09
2007 03 11  1847   54170  67620     1.83e-09    3.73e-09
2007 03 11  1848   54170  67680     1.83e-09    3.73e-09
2007 03 11  1849   54170  67740     1.83e-09    3.73e-09
2007 03 11  1850   54170  67800     1.83e-09    3.73e-09
2007 03 11  1851   54170  67860     1.83e-09    3.73e-09
2007 03 11  1852   54170  67920     1.85e-09    3.73e-09
2007 03 11  1853   54170  67980     1.86e-09    3.73e-09
2007 03 11  1854   54170  68040     1.83e-09    3.73e-09
2007 03 11  1855   54170  68100     1.83e-09    3.73e-09
2007 03 11  1856   54170  68160     1.83e-09    3.73e-09
2007 03 11  1857   54170  68220     1.83e-09    3.73e-09
2007 03 11  1858   54170  68280     1.83e-09    3.73e-09
2007 03 11  1859   54170  68340     1.85e-09    3.76e-09
2007 03 11  1900   54170  68400     1.83e-09    3.73e-09
2007 03 11  1901   54170  68460     1.85e-09    3.73e-09
2007 03 11  1902   54170  68520     1.83e-09    3.73e-09
2007 03 11  1903   54170  68580     1.83e-09    3.73e-09
2007 03 11  1904   54170  68640     1.83e-09    3.73e-09
2007 03 11  1905   54170  68700     1.83e-09    3.73e-09
2007 03 11  1906   54170  68760     1.90e-09    3.73e-09
2007 03 11  1907   54170  68820     1.85e-09    3.73e-09
2007 03 11  1908   54170  68880     1.83e-09    3.73e-09
2007 03 11  1909   54170  68940     1.84e-09    3.73e-09
2007 03 11  1910   54170  69000     1.84e-09    3.73e-09
2007 03 11  1911   54170  69060     1.84e-09    3.73e-09
2007 03 11  1912   54170  69120     1.84e-09    3.73e-09
2007 03 11  1913   54170  69180     1.84e-09    3.73e-09
2007 03 11  1914   54170  69240     1.84e-09    3.73e-09
2007 03 11  1915   54170  69300     1.84e-09    3.73e-09
2007 03 11  1916   54170  69360     1.84e-09    3.73e-09
2007 03 11  1917   54170  69420     1.84e-09    3.73e-09
2007 03 11  1918   54170  69480     1.84e-09    3.73e-09
2007 03 11  1919   54170  69540     1.84e-09    3.73e-09
2007 03 11  1920   54170  69600     1.84e-09    3.73e-09
2007 03 11  1921   54170  69660     1.86e-09    3.73e-09
2007 03 11  1922   54170  69720     1.86e-09    3.73e-09
2007 03 11  1923   54170  69780     1.84e-09    3.73e-09
2007 03 11  1924   54170  69840     1.84e-09    3.73e-09
2007 03 11  1925   54170  69900     1.86e-09    3.73e-09
2007 03 11  1926   54170  69960     1.86e-09    3.73e-09
2007 03 11  1927   54170  70020     1.84e-09    3.73e-09
2007 03 11  1928   54170  70080     1.84e-09    3.73e-09
2007 03 11  1929   54170  70140     1.84e-09    3.73e-09
2007 03 11  1930   54170  70200     1.84e-09    3.73e-09
2007 03 11  1931   54170  70260     1.84e-09    3.73e-09
2007 03 11  1932   54170  70320     1.84e-09    3.73e-09
2007 03 11  1933   54170  70380     1.84e-09    3.73e-09
2007 03 11  1934   54170  70440     1.84e-09    3.73e-09
2007 03 11  1935   54170  70500     1.84e-09    3.73e-09
2007 03 11  1936   54170  70560     1.84e-09    3.73e-09
2007 03 11  1937   54170  70620     1.84e-09    3.73e-09
2007 03 11  1938   54170  70680     1.84e-09    3.73e-09
2007 03 11  1939   54170  70740     1.84e-09    3.73e-09
2007 03 11  1940   54170  70800     1.84e-09    3.73e-09
2007 03 11  1941   54170  70860     1.85e-09    3.73e-09
2007 03 11  1942   54170  70920     1.84e-09    3.73e-09
2007 03 11  1943   54170  70980     1.86e-09    3.73e-09
2007 03 11  1944   54170  71040     1.84e-09    3.73e-09
2007 03 11  1945   54170  71100     1.84e-09    3.73e-09
2007 03 11  1946   54170  71160     1.85e-09    3.73e-09
2007 03 11  1947   54170  71220     1.85e-09    3.73e-09
2007 03 11  1948   54170  71280     1.85e-09    3.73e-09
2007 03 11  1949   54170  71340     1.85e-09    3.73e-09
2007 03 11  1950   54170  71400     1.85e-09    3.73e-09
2007 03 11  1951   54170  71460     1.85e-09    3.73e-09
2007 03 11  1952   54170  71520     1.85e-09    3.73e-09
2007 03 11  1953   54170  71580     1.85e-09    3.73e-09
2007 03 11  1954   54170  71640     1.85e-09    3.73e-09
2007 03 11  1955   54170  71700     1.85e-09    3.76e-09
2007 03 11  1956   54170  71760     1.85e-09    3.73e-09
2007 03 11  1957   54170  71820     1.85e-09    3.73e-09
2007 03 11  1958   54170  71880     1.85e-09    3.73e-09
2007 03 11  1959   54170  71940     1.85e-09    3.73e-09
2007 03 11  2000   54170  72000     1.90e-09    3.73e-09
2007 03 11  2001   54170  72060     1.85e-09    3.73e-09
2007 03 11  2002   54170  72120     1.86e-09    3.73e-09
2007 03 11  2003   54170  72180     1.85e-09    3.73e-09
2007 03 11  2004   54170  72240     1.85e-09    3.73e-09
2007 03 11  2005   54170  72300     1.83e-09    3.73e-09
2007 03 11  2006   54170  72360     1.86e-09    3.73e-09
2007 03 11  2007   54170  72420     1.84e-09    3.73e-09
2007 03 11  2008   54170  72480    -1.00e+05   -1.00e+05
2007 03 11  2009   54170  72540     1.70e-09    3.73e-09
2007 03 11  2010   54170  72600     1.78e-09    3.73e-09
2007 03 11  2011   54170  72660     1.61e-09    3.73e-09
2007 03 11  2012   54170  72720     1.41e-09    3.73e-09
2007 03 11  2013   54170  72780     1.68e-09    3.73e-09
2007 03 11  2014   54170  72840     1.74e-09    3.73e-09
2007 03 11  2015   54170  72900     1.63e-09    3.73e-09
2007 03 11  2016   54170  72960     1.47e-09    3.73e-09
2007 03 11  2017   54170  73020     1.55e-09    3.73e-09
2007 03 11  2018   54170  73080     1.76e-09    3.73e-09
2007 03 11  2019   54170  73140     1.62e-09    3.73e-09
2007 03 11  2020   54170  73200     1.86e-09    3.73e-09
2007 03 11  2021   54170  73260     1.79e-09    3.73e-09
2007 03 11  2022   54170  73320     1.83e-09    3.73e-09
2007 03 11  2023   54170  73380     1.86e-09    3.73e-09
2007 03 11  2024   54170  73440     1.86e-09    3.73e-09
2007 03 11  2025   54170  73500     1.87e-09    3.73e-09
2007 03 11  2026   54170  73560     1.84e-09    3.73e-09
2007 03 11  2027   54170  73620     1.84e-09    3.73e-09
2007 03 11  2028   54170  73680     1.87e-09    3.73e-09
2007 03 11  2029   54170  73740     1.83e-09    3.73e-09
2007 03 11  2030   54170  73800     1.88e-09    3.73e-09
2007 03 11  2031   54170  73860     1.86e-09    3.73e-09
2007 03 11  2032   54170  73920     1.87e-09    3.73e-09
2007 03 11  2033   54170  73980     1.86e-09    3.73e-09
2007 03 11  2034   54170  74040     1.87e-09    3.73e-09
2007 03 11  2035   54170  74100     1.86e-09    3.73e-09
2007 03 11  2036   54170  74160     1.88e-09    3.73e-09
2007 03 11  2037   54170  74220     1.88e-09    3.73e-09
2007 03 11  2038   54170  74280     1.87e-09    3.73e-09
2007 03 11  2039   54170  74340     1.87e-09    3.73e-09
2007 03 11  2040   54170  74400     1.86e-09    3.73e-09
2007 03 11  2041   54170  74460     1.88e-09    3.73e-09
2007 03 11  2042   54170  74520     1.87e-09    3.73e-09
2007 03 11  2043   54170  74580     1.84e-09    3.73e-09
2007 03 11  2044   54170  74640     1.86e-09    3.73e-09
2007 03 11  2045   54170  74700     1.85e-09    3.73e-09
2007 03 11  2046   54170  74760     1.87e-09    3.73e-09
2007 03 11  2047   54170  74820     1.89e-09    3.73e-09
2007 03 11  2048   54170  74880     1.85e-09    3.73e-09
2007 03 11  2049   54170  74940     1.80e-09    3.73e-09
2007 03 11  2050   54170  75000     1.79e-09    3.73e-09
2007 03 11  2051   54170  75060     1.83e-09    3.73e-09
2007 03 11  2052   54170  75120     1.79e-09    3.73e-09
2007 03 11  2053   54170  75180     1.72e-09    3.73e-09
2007 03 11  2054   54170  75240     1.62e-09    3.73e-09
2007 03 11  2055   54170  75300     1.62e-09    3.73e-09
2007 03 11  2056   54170  75360     1.66e-09    3.73e-09
2007 03 11  2057   54170  75420     1.63e-09    3.73e-09
2007 03 11  2058   54170  75480     1.73e-09    3.76e-09
2007 03 11  2059   54170  75540     1.65e-09    3.73e-09
2007 03 11  2100   54170  75600     1.61e-09    3.73e-09
2007 03 11  2101   54170  75660     1.46e-09    3.73e-09
2007 03 11  2102   54170  75720     1.54e-09    3.73e-09
2007 03 11  2103   54170  75780     1.69e-09    3.73e-09
2007 03 11  2104   54170  75840     1.58e-09    3.73e-09
2007 03 11  2105   54170  75900     1.57e-09    3.73e-09
2007 03 11  2106   54170  75960     1.64e-09    3.73e-09
2007 03 11  2107   54170  76020     1.69e-09    3.73e-09
2007 03 11  2108   54170  76080     1.65e-09    3.73e-09
2007 03 11  2109   54170  76140     1.74e-09    3.73e-09
2007 03 11  2110   54170  76200     1.80e-09    3.73e-09
2007 03 11  2111   54170  76260     1.68e-09    3.73e-09
2007 03 11  2112   54170  76320     1.66e-09    3.73e-09
2007 03 11  2113   54170  76380     1.64e-09    3.73e-09
2007 03 11  2114   54170  76440     1.40e-09    3.73e-09
2007 03 11  2115   54170  76500     1.30e-09    3.73e-09
2007 03 11  2116   54170  76560     1.25e-09    3.73e-09
2007 03 11  2117   54170  76620     1.19e-09    3.73e-09
2007 03 11  2118   54170  76680     1.20e-09    3.73e-09
2007 03 11  2119   54170  76740     1.12e-09    3.73e-09
2007 03 11  2120   54170  76800     1.14e-09    3.73e-09
2007 03 11  2121   54170  76860     1.08e-09    3.73e-09
2007 03 11  2122   54170  76920     9.46e-10    3.73e-09
2007 03 11  2123   54170  76980     9.46e-10    3.73e-09
2007 03 11  2124   54170  77040     9.46e-10    3.73e-09
2007 03 11  2125   54170  77100     9.04e-10    3.73e-09
2007 03 11  2126   54170  77160     9.55e-10    3.73e-09
2007 03 11  2127   54170  77220     9.20e-10    3.73e-09
2007 03 11  2128   54170  77280     9.63e-10    3.73e-09
2007 03 11  2129   54170  77340     9.21e-10    3.73e-09
2007 03 11  2130   54170  77400     9.21e-10    3.73e-09
2007 03 11  2131   54170  77460     9.21e-10    3.73e-09
2007 03 11  2132   54170  77520     9.04e-10    3.73e-09
2007 03 11  2133   54170  77580     9.12e-10    3.73e-09
2007 03 11  2134   54170  77640     9.38e-10    3.73e-09
2007 03 11  2135   54170  77700     9.21e-10    3.73e-09
2007 03 11  2136   54170  77760     9.21e-10    3.73e-09
2007 03 11  2137   54170  77820     9.21e-10    3.73e-09
2007 03 11  2138   54170  77880     9.46e-10    3.73e-09
2007 03 11  2139   54170  77940     9.38e-10    3.73e-09
2007 03 11  2140   54170  78000     9.12e-10    3.73e-09
2007 03 11  2141   54170  78060     9.21e-10    3.73e-09
2007 03 11  2142   54170  78120     9.30e-10    3.73e-09
2007 03 11  2143   54170  78180     9.38e-10    3.73e-09
2007 03 11  2144   54170  78240     8.95e-10    3.73e-09
2007 03 11  2145   54170  78300     9.38e-10    3.73e-09
2007 03 11  2146   54170  78360     9.21e-10    3.73e-09
2007 03 11  2147   54170  78420     9.12e-10    3.73e-09
2007 03 11  2148   54170  78480     8.95e-10    3.73e-09
2007 03 11  2149   54170  78540     9.63e-10    3.73e-09
2007 03 11  2150   54170  78600     9.30e-10    3.73e-09
2007 03 11  2151   54170  78660     8.95e-10    3.73e-09
2007 03 11  2152   54170  78720     9.29e-10    3.73e-09
2007 03 11  2153   54170  78780     8.95e-10    3.73e-09
2007 03 11  2154   54170  78840     9.29e-10    3.73e-09
2007 03 11  2155   54170  78900     9.12e-10    3.73e-09
2007 03 11  2156   54170  78960     9.04e-10    3.73e-09
2007 03 11  2157   54170  79020     9.38e-10    3.73e-09
2007 03 11  2158   54170  79080     9.04e-10    3.73e-09
2007 03 11  2159   54170  79140     9.47e-10    3.73e-09
2007 03 11  2200   54170  79200     9.12e-10    3.73e-09
2007 03 11  2201   54170  79260     8.95e-10    3.76e-09
2007 03 11  2202   54170  79320     8.95e-10    3.73e-09
2007 03 11  2203   54170  79380     9.30e-10    3.73e-09
2007 03 11  2204   54170  79440     9.04e-10    3.73e-09
2007 03 11  2205   54170  79500     9.12e-10    3.73e-09
2007 03 11  2206   54170  79560     9.30e-10    3.73e-09
2007 03 11  2207   54170  79620     9.30e-10    3.73e-09
2007 03 11  2208   54170  79680     9.12e-10    3.73e-09
2007 03 11  2209   54170  79740     9.47e-10    3.73e-09
2007 03 11  2210   54170  79800     9.04e-10    3.73e-09
2007 03 11  2211   54170  79860     9.47e-10    3.73e-09
2007 03 11  2212   54170  79920     9.04e-10    3.73e-09
2007 03 11  2213   54170  79980     9.04e-10    3.73e-09
2007 03 11  2214   54170  80040     9.38e-10    3.73e-09
2007 03 11  2215   54170  80100     8.95e-10    3.73e-09
2007 03 11  2216   54170  80160     9.30e-10    3.73e-09
2007 03 11  2217   54170  80220     9.73e-10    3.73e-09
2007 03 11  2218   54170  80280     9.30e-10    3.73e-09
2007 03 11  2219   54170  80340     9.21e-10    3.73e-09
2007 03 11  2220   54170  80400     8.95e-10    3.73e-09
2007 03 11  2221   54170  80460     8.95e-10    3.73e-09
2007 03 11  2222   54170  80520     9.12e-10    3.73e-09
2007 03 11  2223   54170  80580     9.04e-10    3.73e-09
2007 03 11  2224   54170  80640     9.64e-10    3.73e-09
2007 03 11  2225   54170  80700     9.04e-10    3.73e-09
2007 03 11  2226   54170  80760     9.46e-10    3.73e-09
2007 03 11  2227   54170  80820     9.21e-10    3.73e-09
2007 03 11  2228   54170  80880     9.12e-10    3.73e-09
2007 03 11  2229   54170  80940     9.12e-10    3.73e-09
2007 03 11  2230   54170  81000     9.30e-10    3.73e-09
2007 03 11  2231   54170  81060     9.21e-10    3.73e-09
2007 03 11  2232   54170  81120     9.12e-10    3.73e-09
2007 03 11  2233   54170  81180     9.04e-10    3.73e-09
2007 03 11  2234   54170  81240     9.12e-10    3.73e-09
2007 03 11  2235   54170  81300     9.30e-10    3.73e-09
2007 03 11  2236   54170  81360     9.21e-10    3.73e-09
2007 03 11  2237   54170  81420     9.04e-10    3.73e-09
2007 03 11  2238   54170  81480     9.12e-10    3.73e-09
2007 03 11  2239   54170  81540     9.21e-10    3.73e-09
2007 03 11  2240   54170  81600     9.04e-10    3.73e-09
2007 03 11  2241   54170  81660     9.12e-10    3.73e-09
2007 03 11  2242   54170  81720     9.04e-10    3.73e-09
2007 03 11  2243   54170  81780     8.95e-10    3.73e-09
2007 03 11  2244   54170  81840     9.30e-10    3.73e-09
2007 03 11  2245   54170  81900     9.13e-10    3.73e-09
2007 03 11  2246   54170  81960     9.13e-10    3.73e-09
2007 03 11  2247   54170  82020     8.95e-10    3.73e-09
2007 03 11  2248   54170  82080     9.38e-10    3.73e-09
2007 03 11  2249   54170  82140     9.30e-10    3.76e-09
2007 03 11  2250   54170  82200     9.04e-10    3.73e-09
2007 03 11  2251   54170  82260     9.30e-10    3.73e-09
2007 03 11  2252   54170  82320     8.95e-10    3.73e-09
2007 03 11  2253   54170  82380     9.12e-10    3.73e-09
2007 03 11  2254   54170  82440     8.95e-10    3.73e-09
2007 03 11  2255   54170  82500     9.12e-10    3.73e-09
2007 03 11  2256   54170  82560     9.12e-10    3.73e-09
2007 03 11  2257   54170  82620     8.95e-10    3.73e-09
2007 03 11  2258   54170  82680     9.97e-10    3.73e-09
2007 03 11  2259   54170  82740     9.47e-10    3.73e-09
2007 03 11  2300   54170  82800     9.04e-10    3.73e-09
2007 03 11  2301   54170  82860     9.04e-10    3.73e-09
2007 03 11  2302   54170  82920     9.04e-10    3.73e-09
2007 03 11  2303   54170  82980     9.12e-10    3.73e-09
2007 03 11  2304   54170  83040     9.30e-10    3.73e-09
2007 03 11  2305   54170  83100     8.95e-10    3.73e-09
2007 03 11  2306   54170  83160     9.55e-10    3.73e-09
2007 03 11  2307   54170  83220     9.12e-10    3.73e-09
2007 03 11  2308   54170  83280     9.21e-10    3.73e-09
2007 03 11  2309   54170  83340     9.12e-10    3.73e-09
2007 03 11  2310   54170  83400     9.04e-10    3.73e-09
2007 03 11  2311   54170  83460     9.04e-10    3.73e-09
2007 03 11  2312   54170  83520     9.21e-10    3.73e-09
2007 03 11  2313   54170  83580     9.12e-10    3.73e-09
2007 03 11  2314   54170  83640     9.29e-10    3.73e-09
2007 03 11  2315   54170  83700     8.95e-10    3.73e-09
2007 03 11  2316   54170  83760     9.12e-10    3.73e-09
2007 03 11  2317   54170  83820     8.95e-10    3.73e-09
2007 03 11  2318   54170  83880     8.95e-10    3.73e-09
2007 03 11  2319   54170  83940     8.95e-10    3.73e-09
2007 03 11  2320   54170  84000     9.04e-10    3.73e-09
2007 03 11  2321   54170  84060     8.95e-10    3.73e-09
2007 03 11  2322   54170  84120     9.12e-10    3.73e-09
2007 03 11  2323   54170  84180     9.12e-10    3.73e-09
2007 03 11  2324   54170  84240     8.95e-10    3.73e-09
2007 03 11  2325   54170  84300     8.95e-10    3.73e-09
2007 03 11  2326   54170  84360     9.12e-10    3.73e-09
2007 03 11  2327   54170  84420     9.21e-10    3.73e-09
2007 03 11  2328   54170  84480     9.12e-10    3.73e-09
2007 03 11  2329   54170  84540     8.95e-10    3.73e-09
2007 03 11  2330   54170  84600     9.04e-10    3.73e-09
2007 03 11  2331   54170  84660     8.95e-10    3.73e-09
2007 03 11  2332   54170  84720     8.95e-10    3.73e-09
2007 03 11  2333   54170  84780     9.04e-10    3.73e-09
2007 03 11  2334   54170  84840     8.95e-10    3.73e-09
2007 03 11  2335   54170  84900     9.04e-10    3.73e-09
2007 03 11  2336   54170  84960     9.04e-10    3.73e-09
2007 03 11  2337   54170  85020     9.46e-10    3.73e-09
2007 03 11  2338   54170  85080     9.21e-10    3.73e-09
2007 03 11  2339   54170  85140     9.04e-10    3.73e-09
2007 03 11  2340   54170  85200     9.12e-10    3.73e-09
2007 03 11  2341   54170  85260     9.29e-10    3.73e-09
2007 03 11  2342   54170  85320     9.04e-10    3.73e-09
2007 03 11  2343   54170  85380     9.29e-10    3.73e-09
2007 03 11  2344   54170  85440     9.81e-10    3.73e-09
2007 03 11  2345   54170  85500     9.04e-10    3.73e-09
2007 03 11  2346   54170  85560     9.21e-10    3.73e-09
2007 03 11  2347   54170  85620     8.95e-10    3.73e-09
2007 03 11  2348   54170  85680     8.95e-10    3.73e-09
2007 03 11  2349   54170  85740     9.21e-10    3.73e-09
2007 03 11  2350   54170  85800     9.12e-10    3.73e-09
2007 03 11  2351   54170  85860     8.95e-10    3.73e-09
2007 03 11  2352   54170  85920     9.04e-10    3.73e-09
2007 03 11  2353   54170  85980     9.04e-10    3.73e-09
2007 03 11  2354   54170  86040     9.12e-10    3.73e-09
2007 03 11  2355   54170  86100     9.04e-10    3.73e-09
2007 03 11  2356   54170  86160     9.04e-10    3.73e-09
2007 03 11  2357   54170  86220     9.04e-10    3.73e-09
2007 03 11  2358   54170  86280     9.12e-10    3.73e-09
2007 03 11  2359   54170  86340     8.95e-10    3.73e-09
