:Data_list: 20070311_G11xr_1m.txt
:Created: 2007 Mar 12 0010 UTC
# Prepared by the U.S. Dept. of Commerce, NOAA, Space Environment Center.
# Please send comments and suggestions to SEC.Webmaster@noaa.gov 
# 
# Label: Short = 0.05- 0.4 nanometer
# Label: Long  = 0.1 - 0.8 nanometer
# Units: Short = Watts per meter squared
# Units: Long  = Watts per meter squared
# Source: GOES-11
# Location: W136
# Missing data: -1.00e+05
#
#         1-minute GOES-11 Solar X-ray Flux
# 
#                 Modified Seconds
# UTC Date  Time   Julian  of the
# YR MO DA  HHMM    Day     Day       Short       Long
#-------------------------------------------------------
2007 03 11  0000   54170      0     5.06e-09    3.73e-09
2007 03 11  0001   54170     60     5.07e-09    3.73e-09
2007 03 11  0002   54170    120     5.07e-09    3.73e-09
2007 03 11  0003   54170    180     5.07e-09    3.73e-09
2007 03 11  0004   54170    240     5.07e-09    3.73e-09
2007 03 11  0005   54170    300     5.07e-09    3.73e-09
2007 03 11  0006   54170    360     5.07e-09    3.73e-09
2007 03 11  0007   54170    420     5.07e-09    3.73e-09
2007 03 11  0008   54170    480     5.07e-09    3.73e-09
2007 03 11  0009   54170    540     5.07e-09    3.73e-09
2007 03 11  0010   54170    600     5.07e-09    3.73e-09
2007 03 11  0011   54170    660     5.09e-09    3.73e-09
2007 03 11  0012   54170    720     5.07e-09    3.73e-09
2007 03 11  0013   54170    780     5.07e-09    3.73e-09
2007 03 11  0014   54170    840     5.06e-09    3.73e-09
2007 03 11  0015   54170    900     5.06e-09    3.73e-09
2007 03 11  0016   54170    960     5.03e-09    3.73e-09
2007 03 11  0017   54170   1020     5.05e-09    3.73e-09
2007 03 11  0018   54170   1080     5.07e-09    3.73e-09
2007 03 11  0019   54170   1140     5.06e-09    3.73e-09
2007 03 11  0020   54170   1200     5.03e-09    3.73e-09
2007 03 11  0021   54170   1260     5.03e-09    3.73e-09
2007 03 11  0022   54170   1320     5.05e-09    3.73e-09
2007 03 11  0023   54170   1380     5.09e-09    3.73e-09
2007 03 11  0024   54170   1440     5.07e-09    3.73e-09
2007 03 11  0025   54170   1500     5.07e-09    3.73e-09
2007 03 11  0026   54170   1560     5.06e-09    3.73e-09
2007 03 11  0027   54170   1620     5.01e-09    3.73e-09
2007 03 11  0028   54170   1680     5.05e-09    3.73e-09
2007 03 11  0029   54170   1740     5.04e-09    3.73e-09
2007 03 11  0030   54170   1800     5.05e-09    3.73e-09
2007 03 11  0031   54170   1860     5.07e-09    3.77e-09
2007 03 11  0032   54170   1920     4.99e-09    3.73e-09
2007 03 11  0033   54170   1980     5.02e-09    3.73e-09
2007 03 11  0034   54170   2040     5.06e-09    3.73e-09
2007 03 11  0035   54170   2100     5.07e-09    3.73e-09
2007 03 11  0036   54170   2160     5.07e-09    4.69e-09
2007 03 11  0037   54170   2220     5.09e-09    1.46e-08
2007 03 11  0038   54170   2280     5.96e-09    2.58e-08
2007 03 11  0039   54170   2340     5.44e-09    2.78e-08
2007 03 11  0040   54170   2400     5.07e-09    2.24e-08
2007 03 11  0041   54170   2460     5.07e-09    2.13e-08
2007 03 11  0042   54170   2520     5.07e-09    2.13e-08
2007 03 11  0043   54170   2580     5.07e-09    1.58e-08
2007 03 11  0044   54170   2640     5.07e-09    8.89e-09
2007 03 11  0045   54170   2700     5.07e-09    6.87e-09
2007 03 11  0046   54170   2760     5.02e-09    3.73e-09
2007 03 11  0047   54170   2820     4.90e-09    3.73e-09
2007 03 11  0048   54170   2880     4.84e-09    3.73e-09
2007 03 11  0049   54170   2940     4.58e-09    3.73e-09
2007 03 11  0050   54170   3000     4.60e-09    3.73e-09
2007 03 11  0051   54170   3060     4.67e-09    3.73e-09
2007 03 11  0052   54170   3120     4.53e-09    3.73e-09
2007 03 11  0053   54170   3180     4.28e-09    3.73e-09
2007 03 11  0054   54170   3240     4.50e-09    3.73e-09
2007 03 11  0055   54170   3300     4.25e-09    3.73e-09
2007 03 11  0056   54170   3360     4.10e-09    3.73e-09
2007 03 11  0057   54170   3420     4.05e-09    3.73e-09
2007 03 11  0058   54170   3480     3.96e-09    3.73e-09
2007 03 11  0059   54170   3540     3.88e-09    3.73e-09
2007 03 11  0100   54170   3600     4.03e-09    3.73e-09
2007 03 11  0101   54170   3660     4.21e-09    3.73e-09
2007 03 11  0102   54170   3720     4.08e-09    3.73e-09
2007 03 11  0103   54170   3780     4.05e-09    3.73e-09
2007 03 11  0104   54170   3840     3.71e-09    3.73e-09
2007 03 11  0105   54170   3900     3.48e-09    3.73e-09
2007 03 11  0106   54170   3960     3.82e-09    3.73e-09
2007 03 11  0107   54170   4020     3.59e-09    3.73e-09
2007 03 11  0108   54170   4080     3.69e-09    3.73e-09
2007 03 11  0109   54170   4140     3.71e-09    3.73e-09
2007 03 11  0110   54170   4200     3.47e-09    3.73e-09
2007 03 11  0111   54170   4260     3.54e-09    3.73e-09
2007 03 11  0112   54170   4320     3.33e-09    3.73e-09
2007 03 11  0113   54170   4380     3.19e-09    3.73e-09
2007 03 11  0114   54170   4440     3.43e-09    3.73e-09
2007 03 11  0115   54170   4500     3.58e-09    3.73e-09
2007 03 11  0116   54170   4560     3.46e-09    3.73e-09
2007 03 11  0117   54170   4620     3.55e-09    3.73e-09
2007 03 11  0118   54170   4680     3.71e-09    3.73e-09
2007 03 11  0119   54170   4740     3.74e-09    3.73e-09
2007 03 11  0120   54170   4800     3.49e-09    3.73e-09
2007 03 11  0121   54170   4860     3.48e-09    3.73e-09
2007 03 11  0122   54170   4920     3.37e-09    3.73e-09
2007 03 11  0123   54170   4980     3.50e-09    3.73e-09
2007 03 11  0124   54170   5040     3.78e-09    3.73e-09
2007 03 11  0125   54170   5100     4.06e-09    3.73e-09
2007 03 11  0126   54170   5160     3.77e-09    3.73e-09
2007 03 11  0127   54170   5220     3.56e-09    3.73e-09
2007 03 11  0128   54170   5280     3.26e-09    3.73e-09
2007 03 11  0129   54170   5340     3.28e-09    3.73e-09
2007 03 11  0130   54170   5400     3.19e-09    3.73e-09
2007 03 11  0131   54170   5460     3.23e-09    3.73e-09
2007 03 11  0132   54170   5520     3.21e-09    3.73e-09
2007 03 11  0133   54170   5580     3.37e-09    3.73e-09
2007 03 11  0134   54170   5640     3.19e-09    3.73e-09
2007 03 11  0135   54170   5700     3.16e-09    3.73e-09
2007 03 11  0136   54170   5760     3.22e-09    3.73e-09
2007 03 11  0137   54170   5820     3.19e-09    3.73e-09
2007 03 11  0138   54170   5880     3.20e-09    3.73e-09
2007 03 11  0139   54170   5940     3.19e-09    3.73e-09
2007 03 11  0140   54170   6000     3.34e-09    3.73e-09
2007 03 11  0141   54170   6060     3.21e-09    3.73e-09
2007 03 11  0142   54170   6120     3.14e-09    3.73e-09
2007 03 11  0143   54170   6180     3.11e-09    3.73e-09
2007 03 11  0144   54170   6240     3.21e-09    3.73e-09
2007 03 11  0145   54170   6300     3.14e-09    3.73e-09
2007 03 11  0146   54170   6360     3.16e-09    3.73e-09
2007 03 11  0147   54170   6420     3.12e-09    3.73e-09
2007 03 11  0148   54170   6480     3.11e-09    3.73e-09
2007 03 11  0149   54170   6540     3.13e-09    3.73e-09
2007 03 11  0150   54170   6600     3.14e-09    3.73e-09
2007 03 11  0151   54170   6660     3.14e-09    3.73e-09
2007 03 11  0152   54170   6720     3.10e-09    3.73e-09
2007 03 11  0153   54170   6780     3.11e-09    3.73e-09
2007 03 11  0154   54170   6840     3.12e-09    3.73e-09
2007 03 11  0155   54170   6900     3.24e-09    3.73e-09
2007 03 11  0156   54170   6960     3.10e-09    3.73e-09
2007 03 11  0157   54170   7020     3.23e-09    3.73e-09
2007 03 11  0158   54170   7080     3.14e-09    3.73e-09
2007 03 11  0159   54170   7140     3.10e-09    3.73e-09
2007 03 11  0200   54170   7200     3.19e-09    3.73e-09
2007 03 11  0201   54170   7260     3.17e-09    3.73e-09
2007 03 11  0202   54170   7320     3.22e-09    3.73e-09
2007 03 11  0203   54170   7380     3.19e-09    3.73e-09
2007 03 11  0204   54170   7440     3.19e-09    3.73e-09
2007 03 11  0205   54170   7500     3.16e-09    3.73e-09
2007 03 11  0206   54170   7560     3.23e-09    3.73e-09
2007 03 11  0207   54170   7620     3.12e-09    3.73e-09
2007 03 11  0208   54170   7680     3.17e-09    3.73e-09
2007 03 11  0209   54170   7740     3.21e-09    3.73e-09
2007 03 11  0210   54170   7800     3.12e-09    3.73e-09
2007 03 11  0211   54170   7860     3.24e-09    3.73e-09
2007 03 11  0212   54170   7920     3.14e-09    3.73e-09
2007 03 11  0213   54170   7980     3.12e-09    3.73e-09
2007 03 11  0214   54170   8040     3.12e-09    3.73e-09
2007 03 11  0215   54170   8100     3.11e-09    3.73e-09
2007 03 11  0216   54170   8160     3.13e-09    3.73e-09
2007 03 11  0217   54170   8220     3.11e-09    3.73e-09
2007 03 11  0218   54170   8280     3.11e-09    3.73e-09
2007 03 11  0219   54170   8340     3.10e-09    3.73e-09
2007 03 11  0220   54170   8400     3.10e-09    3.73e-09
2007 03 11  0221   54170   8460     3.10e-09    3.73e-09
2007 03 11  0222   54170   8520     3.12e-09    3.73e-09
2007 03 11  0223   54170   8580     3.14e-09    3.73e-09
2007 03 11  0224   54170   8640     3.10e-09    3.73e-09
2007 03 11  0225   54170   8700     3.10e-09    3.73e-09
2007 03 11  0226   54170   8760     3.10e-09    3.73e-09
2007 03 11  0227   54170   8820     3.10e-09    3.73e-09
2007 03 11  0228   54170   8880     3.17e-09    3.73e-09
2007 03 11  0229   54170   8940     3.13e-09    3.73e-09
2007 03 11  0230   54170   9000     3.15e-09    3.73e-09
2007 03 11  0231   54170   9060     3.10e-09    3.73e-09
2007 03 11  0232   54170   9120     3.10e-09    3.73e-09
2007 03 11  0233   54170   9180     3.10e-09    3.73e-09
2007 03 11  0234   54170   9240     3.10e-09    3.73e-09
2007 03 11  0235   54170   9300     3.10e-09    3.73e-09
2007 03 11  0236   54170   9360     3.12e-09    3.73e-09
2007 03 11  0237   54170   9420     3.10e-09    3.73e-09
2007 03 11  0238   54170   9480     3.10e-09    3.73e-09
2007 03 11  0239   54170   9540     3.11e-09    3.73e-09
2007 03 11  0240   54170   9600     3.13e-09    3.73e-09
2007 03 11  0241   54170   9660     3.10e-09    3.73e-09
2007 03 11  0242   54170   9720     3.10e-09    3.73e-09
2007 03 11  0243   54170   9780     3.11e-09    3.73e-09
2007 03 11  0244   54170   9840     3.10e-09    3.73e-09
2007 03 11  0245   54170   9900     3.10e-09    3.73e-09
2007 03 11  0246   54170   9960     3.10e-09    3.73e-09
2007 03 11  0247   54170  10020     3.10e-09    3.73e-09
2007 03 11  0248   54170  10080     3.10e-09    3.73e-09
2007 03 11  0249   54170  10140     3.25e-09    3.73e-09
2007 03 11  0250   54170  10200     3.10e-09    3.73e-09
2007 03 11  0251   54170  10260     3.10e-09    3.73e-09
2007 03 11  0252   54170  10320     3.10e-09    3.73e-09
2007 03 11  0253   54170  10380     3.10e-09    3.73e-09
2007 03 11  0254   54170  10440     3.13e-09    3.81e-09
2007 03 11  0255   54170  10500     3.10e-09    3.73e-09
2007 03 11  0256   54170  10560     3.13e-09    3.85e-09
2007 03 11  0257   54170  10620     3.13e-09    4.52e-09
2007 03 11  0258   54170  10680     3.11e-09    8.35e-09
2007 03 11  0259   54170  10740     3.14e-09    8.60e-09
2007 03 11  0300   54170  10800     3.09e-09    8.59e-09
2007 03 11  0301   54170  10860     3.09e-09    8.60e-09
2007 03 11  0302   54170  10920     3.11e-09    8.62e-09
2007 03 11  0303   54170  10980     3.10e-09    7.59e-09
2007 03 11  0304   54170  11040     3.18e-09    4.73e-09
2007 03 11  0305   54170  11100     3.10e-09    3.89e-09
2007 03 11  0306   54170  11160     3.10e-09    3.77e-09
2007 03 11  0307   54170  11220     3.10e-09    4.27e-09
2007 03 11  0308   54170  11280     3.11e-09    6.06e-09
2007 03 11  0309   54170  11340     3.13e-09    8.27e-09
2007 03 11  0310   54170  11400     3.09e-09    8.59e-09
2007 03 11  0311   54170  11460     3.09e-09    8.58e-09
2007 03 11  0312   54170  11520     3.09e-09    8.59e-09
2007 03 11  0313   54170  11580     3.09e-09    8.50e-09
2007 03 11  0314   54170  11640     3.11e-09    6.78e-09
2007 03 11  0315   54170  11700     3.09e-09    4.85e-09
2007 03 11  0316   54170  11760     3.09e-09    4.02e-09
2007 03 11  0317   54170  11820     3.09e-09    3.73e-09
2007 03 11  0318   54170  11880     3.09e-09    3.73e-09
2007 03 11  0319   54170  11940     3.09e-09    3.73e-09
2007 03 11  0320   54170  12000     3.09e-09    3.73e-09
2007 03 11  0321   54170  12060     3.09e-09    3.73e-09
2007 03 11  0322   54170  12120     3.09e-09    3.73e-09
2007 03 11  0323   54170  12180     3.09e-09    3.73e-09
2007 03 11  0324   54170  12240     3.20e-09    3.73e-09
2007 03 11  0325   54170  12300     3.09e-09    3.77e-09
2007 03 11  0326   54170  12360     3.09e-09    3.73e-09
2007 03 11  0327   54170  12420     3.09e-09    3.73e-09
2007 03 11  0328   54170  12480     3.09e-09    3.73e-09
2007 03 11  0329   54170  12540     3.09e-09    3.73e-09
2007 03 11  0330   54170  12600     3.09e-09    3.73e-09
2007 03 11  0331   54170  12660     3.11e-09    3.73e-09
2007 03 11  0332   54170  12720     3.09e-09    3.73e-09
2007 03 11  0333   54170  12780     3.09e-09    3.73e-09
2007 03 11  0334   54170  12840     3.09e-09    3.73e-09
2007 03 11  0335   54170  12900     3.09e-09    3.73e-09
2007 03 11  0336   54170  12960     3.09e-09    3.73e-09
2007 03 11  0337   54170  13020     3.09e-09    3.73e-09
2007 03 11  0338   54170  13080     3.09e-09    3.73e-09
2007 03 11  0339   54170  13140     3.09e-09    3.73e-09
2007 03 11  0340   54170  13200     3.09e-09    3.73e-09
2007 03 11  0341   54170  13260     3.09e-09    3.73e-09
2007 03 11  0342   54170  13320     3.09e-09    3.73e-09
2007 03 11  0343   54170  13380     3.11e-09    3.73e-09
2007 03 11  0344   54170  13440     3.09e-09    3.73e-09
2007 03 11  0345   54170  13500     3.09e-09    3.73e-09
2007 03 11  0346   54170  13560     3.09e-09    3.73e-09
2007 03 11  0347   54170  13620     3.09e-09    3.73e-09
2007 03 11  0348   54170  13680     3.09e-09    3.73e-09
2007 03 11  0349   54170  13740     3.09e-09    3.73e-09
2007 03 11  0350   54170  13800     3.09e-09    3.73e-09
2007 03 11  0351   54170  13860     3.08e-09    3.73e-09
2007 03 11  0352   54170  13920     3.09e-09    3.73e-09
2007 03 11  0353   54170  13980     3.09e-09    3.73e-09
2007 03 11  0354   54170  14040     3.09e-09    3.73e-09
2007 03 11  0355   54170  14100     3.09e-09    3.73e-09
2007 03 11  0356   54170  14160     3.09e-09    3.73e-09
2007 03 11  0357   54170  14220     3.10e-09    3.73e-09
2007 03 11  0358   54170  14280     3.09e-09    3.73e-09
2007 03 11  0359   54170  14340     3.10e-09    3.73e-09
2007 03 11  0400   54170  14400     3.12e-09    3.73e-09
2007 03 11  0401   54170  14460     3.08e-09    3.73e-09
2007 03 11  0402   54170  14520     3.08e-09    3.73e-09
2007 03 11  0403   54170  14580     3.09e-09    3.73e-09
2007 03 11  0404   54170  14640     3.10e-09    3.73e-09
2007 03 11  0405   54170  14700     3.08e-09    3.73e-09
2007 03 11  0406   54170  14760     3.08e-09    3.73e-09
2007 03 11  0407   54170  14820     3.08e-09    3.73e-09
2007 03 11  0408   54170  14880     3.08e-09    3.73e-09
2007 03 11  0409   54170  14940     3.12e-09    3.73e-09
2007 03 11  0410   54170  15000     3.10e-09    3.73e-09
2007 03 11  0411   54170  15060     3.08e-09    3.73e-09
2007 03 11  0412   54170  15120     3.08e-09    3.73e-09
2007 03 11  0413   54170  15180     3.10e-09    3.73e-09
2007 03 11  0414   54170  15240     3.08e-09    3.73e-09
2007 03 11  0415   54170  15300     3.08e-09    3.73e-09
2007 03 11  0416   54170  15360     3.08e-09    3.73e-09
2007 03 11  0417   54170  15420     3.08e-09    3.73e-09
2007 03 11  0418   54170  15480     3.12e-09    3.73e-09
2007 03 11  0419   54170  15540     3.08e-09    3.73e-09
2007 03 11  0420   54170  15600     3.08e-09    3.73e-09
2007 03 11  0421   54170  15660     3.08e-09    3.73e-09
2007 03 11  0422   54170  15720     3.08e-09    3.73e-09
2007 03 11  0423   54170  15780     3.08e-09    3.73e-09
2007 03 11  0424   54170  15840     3.08e-09    3.73e-09
2007 03 11  0425   54170  15900     3.08e-09    3.73e-09
2007 03 11  0426   54170  15960     3.08e-09    3.73e-09
2007 03 11  0427   54170  16020     3.08e-09    3.73e-09
2007 03 11  0428   54170  16080     3.10e-09    3.73e-09
2007 03 11  0429   54170  16140     3.13e-09    3.73e-09
2007 03 11  0430   54170  16200     3.08e-09    3.73e-09
2007 03 11  0431   54170  16260     3.08e-09    3.73e-09
2007 03 11  0432   54170  16320     3.08e-09    3.73e-09
2007 03 11  0433   54170  16380     3.08e-09    3.73e-09
2007 03 11  0434   54170  16440     3.08e-09    3.73e-09
2007 03 11  0435   54170  16500     3.08e-09    3.73e-09
2007 03 11  0436   54170  16560     3.08e-09    3.73e-09
2007 03 11  0437   54170  16620     3.08e-09    3.73e-09
2007 03 11  0438   54170  16680     3.08e-09    3.73e-09
2007 03 11  0439   54170  16740     3.08e-09    3.73e-09
2007 03 11  0440   54170  16800     3.08e-09    3.73e-09
2007 03 11  0441   54170  16860     3.08e-09    3.73e-09
2007 03 11  0442   54170  16920     3.08e-09    3.73e-09
2007 03 11  0443   54170  16980     3.08e-09    3.73e-09
2007 03 11  0444   54170  17040     3.08e-09    3.73e-09
2007 03 11  0445   54170  17100     3.08e-09    3.73e-09
2007 03 11  0446   54170  17160     3.08e-09    3.73e-09
2007 03 11  0447   54170  17220     3.07e-09    3.73e-09
2007 03 11  0448   54170  17280     3.07e-09    3.73e-09
2007 03 11  0449   54170  17340     3.08e-09    3.73e-09
2007 03 11  0450   54170  17400     3.10e-09    3.73e-09
2007 03 11  0451   54170  17460     3.08e-09    3.73e-09
2007 03 11  0452   54170  17520     3.08e-09    3.73e-09
2007 03 11  0453   54170  17580     3.16e-09    3.73e-09
2007 03 11  0454   54170  17640     3.06e-09    3.73e-09
2007 03 11  0455   54170  17700     3.04e-09    3.73e-09
2007 03 11  0456   54170  17760     3.08e-09    3.73e-09
2007 03 11  0457   54170  17820     3.06e-09    3.73e-09
2007 03 11  0458   54170  17880     3.06e-09    3.73e-09
2007 03 11  0459   54170  17940     3.04e-09    3.73e-09
2007 03 11  0500   54170  18000     3.04e-09    3.73e-09
2007 03 11  0501   54170  18060     3.06e-09    3.73e-09
2007 03 11  0502   54170  18120     2.94e-09    3.73e-09
2007 03 11  0503   54170  18180     3.03e-09    3.73e-09
2007 03 11  0504   54170  18240     3.01e-09    3.73e-09
2007 03 11  0505   54170  18300     3.03e-09    3.73e-09
2007 03 11  0506   54170  18360     3.06e-09    3.73e-09
2007 03 11  0507   54170  18420     3.03e-09    3.73e-09
2007 03 11  0508   54170  18480     3.03e-09    3.73e-09
2007 03 11  0509   54170  18540     2.94e-09    3.73e-09
2007 03 11  0510   54170  18600     3.01e-09    3.73e-09
2007 03 11  0511   54170  18660     3.03e-09    3.73e-09
2007 03 11  0512   54170  18720     2.98e-09    3.73e-09
2007 03 11  0513   54170  18780     2.86e-09    3.73e-09
2007 03 11  0514   54170  18840     2.92e-09    3.73e-09
2007 03 11  0515   54170  18900     2.75e-09    3.73e-09
2007 03 11  0516   54170  18960     2.95e-09    3.73e-09
2007 03 11  0517   54170  19020     2.78e-09    3.73e-09
2007 03 11  0518   54170  19080     2.78e-09    3.73e-09
2007 03 11  0519   54170  19140     2.80e-09    3.73e-09
2007 03 11  0520   54170  19200     2.95e-09    3.73e-09
2007 03 11  0521   54170  19260     2.87e-09    3.73e-09
2007 03 11  0522   54170  19320     2.55e-09    3.73e-09
2007 03 11  0523   54170  19380     2.51e-09    3.73e-09
2007 03 11  0524   54170  19440     2.31e-09    3.73e-09
2007 03 11  0525   54170  19500     2.53e-09    3.73e-09
2007 03 11  0526   54170  19560     2.78e-09    3.73e-09
2007 03 11  0527   54170  19620     2.65e-09    3.73e-09
2007 03 11  0528   54170  19680     2.62e-09    3.73e-09
2007 03 11  0529   54170  19740     2.53e-09    3.73e-09
2007 03 11  0530   54170  19800     2.21e-09    3.73e-09
2007 03 11  0531   54170  19860     2.26e-09    3.73e-09
2007 03 11  0532   54170  19920     2.03e-09    3.73e-09
2007 03 11  0533   54170  19980     1.80e-09    3.73e-09
2007 03 11  0534   54170  20040     2.21e-09    3.73e-09
2007 03 11  0535   54170  20100     2.15e-09    3.73e-09
2007 03 11  0536   54170  20160     2.05e-09    3.73e-09
2007 03 11  0537   54170  20220     1.94e-09    3.73e-09
2007 03 11  0538   54170  20280     1.82e-09    3.73e-09
2007 03 11  0539   54170  20340     1.75e-09    3.73e-09
2007 03 11  0540   54170  20400     1.90e-09    3.73e-09
2007 03 11  0541   54170  20460     1.56e-09    3.73e-09
2007 03 11  0542   54170  20520     1.55e-09    3.73e-09
2007 03 11  0543   54170  20580     1.60e-09    3.73e-09
2007 03 11  0544   54170  20640     2.81e-09    4.94e-09
2007 03 11  0545   54170  20700     3.07e-09    8.90e-09
2007 03 11  0546   54170  20760     3.93e-09    2.09e-08
2007 03 11  0547   54170  20820     4.66e-09    2.82e-08
2007 03 11  0548   54170  20880     3.19e-09    2.29e-08
2007 03 11  0549   54170  20940     3.07e-09    1.71e-08
2007 03 11  0550   54170  21000     3.10e-09    1.48e-08
2007 03 11  0551   54170  21060     3.07e-09    1.08e-08
2007 03 11  0552   54170  21120     3.07e-09    7.66e-09
2007 03 11  0553   54170  21180     2.98e-09    3.73e-09
2007 03 11  0554   54170  21240     2.64e-09    3.73e-09
2007 03 11  0555   54170  21300     1.75e-09    3.73e-09
2007 03 11  0556   54170  21360     1.26e-09    3.73e-09
2007 03 11  0557   54170  21420     1.42e-09    3.73e-09
2007 03 11  0558   54170  21480     1.13e-09    3.73e-09
2007 03 11  0559   54170  21540     1.21e-09    3.73e-09
2007 03 11  0600   54170  21600     1.18e-09    3.73e-09
2007 03 11  0601   54170  21660     1.19e-09    3.73e-09
2007 03 11  0602   54170  21720     1.12e-09    3.73e-09
2007 03 11  0603   54170  21780     1.16e-09    3.73e-09
2007 03 11  0604   54170  21840     1.14e-09    3.73e-09
2007 03 11  0605   54170  21900     1.14e-09    3.73e-09
2007 03 11  0606   54170  21960     1.17e-09    3.73e-09
2007 03 11  0607   54170  22020     1.17e-09    3.73e-09
2007 03 11  0608   54170  22080     1.12e-09    3.73e-09
2007 03 11  0609   54170  22140     1.21e-09    3.73e-09
2007 03 11  0610   54170  22200     1.12e-09    3.73e-09
2007 03 11  0611   54170  22260     1.09e-09    3.73e-09
2007 03 11  0612   54170  22320     1.09e-09    3.73e-09
2007 03 11  0613   54170  22380     1.11e-09    3.73e-09
2007 03 11  0614   54170  22440     1.09e-09    3.73e-09
2007 03 11  0615   54170  22500     1.13e-09    3.73e-09
2007 03 11  0616   54170  22560     1.11e-09    3.73e-09
2007 03 11  0617   54170  22620     1.13e-09    3.73e-09
2007 03 11  0618   54170  22680     1.17e-09    3.73e-09
2007 03 11  0619   54170  22740     1.26e-09    3.73e-09
2007 03 11  0620   54170  22800     1.55e-09    3.73e-09
2007 03 11  0621   54170  22860     2.18e-09    3.73e-09
2007 03 11  0622   54170  22920     1.90e-09    3.81e-09
2007 03 11  0623   54170  22980     2.20e-09    6.38e-09
2007 03 11  0624   54170  23040     2.93e-09    8.42e-09
2007 03 11  0625   54170  23100     3.06e-09    8.91e-09
2007 03 11  0626   54170  23160     3.04e-09    1.28e-08
2007 03 11  0627   54170  23220     3.06e-09    1.43e-08
2007 03 11  0628   54170  23280     3.01e-09    1.21e-08
2007 03 11  0629   54170  23340     3.06e-09    1.40e-08
2007 03 11  0630   54170  23400     2.20e-09    8.49e-09
2007 03 11  0631   54170  23460     1.26e-09    7.37e-09
2007 03 11  0632   54170  23520     1.19e-09    3.73e-09
2007 03 11  0633   54170  23580     1.13e-09    3.73e-09
2007 03 11  0634   54170  23640     1.09e-09    3.73e-09
2007 03 11  0635   54170  23700     1.11e-09    3.73e-09
2007 03 11  0636   54170  23760     1.16e-09    3.73e-09
2007 03 11  0637   54170  23820     1.11e-09    3.73e-09
2007 03 11  0638   54170  23880     1.09e-09    3.73e-09
2007 03 11  0639   54170  23940     1.15e-09    3.73e-09
2007 03 11  0640   54170  24000     1.16e-09    3.73e-09
2007 03 11  0641   54170  24060     1.11e-09    3.73e-09
2007 03 11  0642   54170  24120     1.13e-09    3.73e-09
2007 03 11  0643   54170  24180     1.13e-09    3.73e-09
2007 03 11  0644   54170  24240     1.16e-09    3.73e-09
2007 03 11  0645   54170  24300     1.10e-09    3.73e-09
2007 03 11  0646   54170  24360     1.25e-09    3.73e-09
2007 03 11  0647   54170  24420     1.16e-09    3.73e-09
2007 03 11  0648   54170  24480     1.15e-09    3.73e-09
2007 03 11  0649   54170  24540     1.10e-09    3.73e-09
2007 03 11  0650   54170  24600     1.14e-09    3.73e-09
2007 03 11  0651   54170  24660     1.11e-09    3.73e-09
2007 03 11  0652   54170  24720     1.09e-09    3.73e-09
2007 03 11  0653   54170  24780     1.13e-09    3.73e-09
2007 03 11  0654   54170  24840     1.14e-09    3.73e-09
2007 03 11  0655   54170  24900     1.09e-09    3.73e-09
2007 03 11  0656   54170  24960     1.11e-09    3.73e-09
2007 03 11  0657   54170  25020     1.11e-09    3.73e-09
2007 03 11  0658   54170  25080     1.19e-09    3.73e-09
2007 03 11  0659   54170  25140     1.09e-09    3.73e-09
2007 03 11  0700   54170  25200     1.11e-09    3.73e-09
2007 03 11  0701   54170  25260     1.09e-09    3.73e-09
2007 03 11  0702   54170  25320     1.12e-09    3.73e-09
2007 03 11  0703   54170  25380     1.21e-09    3.73e-09
2007 03 11  0704   54170  25440     1.09e-09    3.73e-09
2007 03 11  0705   54170  25500     1.09e-09    3.73e-09
2007 03 11  0706   54170  25560     1.21e-09    3.73e-09
2007 03 11  0707   54170  25620     1.13e-09    3.73e-09
2007 03 11  0708   54170  25680     1.09e-09    3.73e-09
2007 03 11  0709   54170  25740     1.11e-09    3.73e-09
2007 03 11  0710   54170  25800     1.09e-09    3.73e-09
2007 03 11  0711   54170  25860     1.09e-09    3.73e-09
2007 03 11  0712   54170  25920     1.09e-09    3.73e-09
2007 03 11  0713   54170  25980     1.09e-09    3.73e-09
2007 03 11  0714   54170  26040     1.09e-09    3.73e-09
2007 03 11  0715   54170  26100     1.09e-09    3.73e-09
2007 03 11  0716   54170  26160     1.11e-09    3.73e-09
2007 03 11  0717   54170  26220     1.09e-09    3.73e-09
2007 03 11  0718   54170  26280     1.09e-09    3.73e-09
2007 03 11  0719   54170  26340     1.09e-09    3.73e-09
2007 03 11  0720   54170  26400     1.09e-09    3.73e-09
2007 03 11  0721   54170  26460     1.13e-09    3.73e-09
2007 03 11  0722   54170  26520     1.11e-09    3.73e-09
2007 03 11  0723   54170  26580     1.10e-09    3.73e-09
2007 03 11  0724   54170  26640     1.17e-09    3.73e-09
2007 03 11  0725   54170  26700     1.10e-09    3.73e-09
2007 03 11  0726   54170  26760     1.10e-09    3.73e-09
2007 03 11  0727   54170  26820     1.10e-09    3.73e-09
2007 03 11  0728   54170  26880     1.12e-09    3.73e-09
2007 03 11  0729   54170  26940     1.13e-09    3.73e-09
2007 03 11  0730   54170  27000     1.10e-09    3.73e-09
2007 03 11  0731   54170  27060     1.15e-09    3.73e-09
2007 03 11  0732   54170  27120     1.10e-09    3.73e-09
2007 03 11  0733   54170  27180     1.10e-09    3.73e-09
2007 03 11  0734   54170  27240     1.10e-09    3.73e-09
2007 03 11  0735   54170  27300     1.10e-09    3.73e-09
2007 03 11  0736   54170  27360     1.10e-09    3.73e-09
2007 03 11  0737   54170  27420     1.12e-09    3.73e-09
2007 03 11  0738   54170  27480     1.10e-09    3.73e-09
2007 03 11  0739   54170  27540     1.10e-09    3.73e-09
2007 03 11  0740   54170  27600     1.12e-09    3.73e-09
2007 03 11  0741   54170  27660     1.10e-09    3.73e-09
2007 03 11  0742   54170  27720     1.10e-09    3.73e-09
2007 03 11  0743   54170  27780     1.10e-09    3.73e-09
2007 03 11  0744   54170  27840     1.14e-09    3.73e-09
2007 03 11  0745   54170  27900     1.17e-09    3.73e-09
2007 03 11  0746   54170  27960     1.15e-09    3.73e-09
2007 03 11  0747   54170  28020     1.12e-09    3.73e-09
2007 03 11  0748   54170  28080     1.17e-09    3.73e-09
2007 03 11  0749   54170  28140     1.12e-09    3.73e-09
2007 03 11  0750   54170  28200     1.27e-09    3.73e-09
2007 03 11  0751   54170  28260     1.11e-09    3.73e-09
2007 03 11  0752   54170  28320     1.14e-09    3.73e-09
2007 03 11  0753   54170  28380     1.22e-09    3.73e-09
2007 03 11  0754   54170  28440     1.10e-09    3.73e-09
2007 03 11  0755   54170  28500     1.10e-09    3.73e-09
2007 03 11  0756   54170  28560     1.14e-09    3.73e-09
2007 03 11  0757   54170  28620     1.11e-09    3.73e-09
2007 03 11  0758   54170  28680     1.12e-09    3.73e-09
2007 03 11  0759   54170  28740     1.10e-09    3.73e-09
2007 03 11  0800   54170  28800     1.14e-09    3.73e-09
2007 03 11  0801   54170  28860     1.10e-09    3.73e-09
2007 03 11  0802   54170  28920     1.10e-09    3.73e-09
2007 03 11  0803   54170  28980     1.14e-09    3.73e-09
2007 03 11  0804   54170  29040     1.10e-09    3.73e-09
2007 03 11  0805   54170  29100     1.10e-09    3.73e-09
2007 03 11  0806   54170  29160     1.14e-09    3.73e-09
2007 03 11  0807   54170  29220     1.11e-09    3.73e-09
2007 03 11  0808   54170  29280     1.12e-09    3.73e-09
2007 03 11  0809   54170  29340     1.14e-09    3.73e-09
2007 03 11  0810   54170  29400     1.14e-09    3.73e-09
2007 03 11  0811   54170  29460     1.11e-09    3.73e-09
2007 03 11  0812   54170  29520     1.11e-09    3.73e-09
2007 03 11  0813   54170  29580     1.11e-09    3.73e-09
2007 03 11  0814   54170  29640     1.11e-09    3.73e-09
2007 03 11  0815   54170  29700     1.16e-09    3.73e-09
2007 03 11  0816   54170  29760     1.11e-09    3.73e-09
2007 03 11  0817   54170  29820     1.14e-09    3.73e-09
2007 03 11  0818   54170  29880     1.10e-09    3.73e-09
2007 03 11  0819   54170  29940     1.11e-09    3.73e-09
2007 03 11  0820   54170  30000     1.11e-09    3.73e-09
2007 03 11  0821   54170  30060     1.14e-09    3.73e-09
2007 03 11  0822   54170  30120     1.11e-09    3.73e-09
2007 03 11  0823   54170  30180     1.10e-09    3.73e-09
2007 03 11  0824   54170  30240     1.12e-09    3.73e-09
2007 03 11  0825   54170  30300     1.15e-09    3.73e-09
2007 03 11  0826   54170  30360     1.22e-09    3.73e-09
2007 03 11  0827   54170  30420     1.14e-09    3.73e-09
2007 03 11  0828   54170  30480     1.11e-09    3.73e-09
2007 03 11  0829   54170  30540     1.11e-09    3.73e-09
2007 03 11  0830   54170  30600     1.11e-09    3.73e-09
2007 03 11  0831   54170  30660     1.11e-09    3.73e-09
2007 03 11  0832   54170  30720     1.12e-09    3.73e-09
2007 03 11  0833   54170  30780     1.11e-09    3.73e-09
2007 03 11  0834   54170  30840     1.11e-09    3.73e-09
2007 03 11  0835   54170  30900     1.16e-09    3.73e-09
2007 03 11  0836   54170  30960     1.11e-09    3.73e-09
2007 03 11  0837   54170  31020     1.12e-09    3.73e-09
2007 03 11  0838   54170  31080     1.12e-09    3.73e-09
2007 03 11  0839   54170  31140     1.11e-09    3.73e-09
2007 03 11  0840   54170  31200    -1.00e+05   -1.00e+05
2007 03 11  0841   54170  31260    -1.00e+05   -1.00e+05
2007 03 11  0842   54170  31320    -1.00e+05   -1.00e+05
2007 03 11  0843   54170  31380    -1.00e+05   -1.00e+05
2007 03 11  0844   54170  31440    -1.00e+05   -1.00e+05
2007 03 11  0845   54170  31500    -1.00e+05   -1.00e+05
2007 03 11  0846   54170  31560    -1.00e+05   -1.00e+05
2007 03 11  0847   54170  31620    -1.00e+05   -1.00e+05
2007 03 11  0848   54170  31680    -1.00e+05   -1.00e+05
2007 03 11  0849   54170  31740    -1.00e+05   -1.00e+05
2007 03 11  0850   54170  31800    -1.00e+05   -1.00e+05
2007 03 11  0851   54170  31860    -1.00e+05   -1.00e+05
2007 03 11  0852   54170  31920    -1.00e+05   -1.00e+05
2007 03 11  0853   54170  31980    -1.00e+05   -1.00e+05
2007 03 11  0854   54170  32040    -1.00e+05   -1.00e+05
2007 03 11  0855   54170  32100    -1.00e+05   -1.00e+05
2007 03 11  0856   54170  32160    -1.00e+05   -1.00e+05
2007 03 11  0857   54170  32220    -1.00e+05   -1.00e+05
2007 03 11  0858   54170  32280    -1.00e+05   -1.00e+05
2007 03 11  0859   54170  32340    -1.00e+05   -1.00e+05
2007 03 11  0900   54170  32400    -1.00e+05   -1.00e+05
2007 03 11  0901   54170  32460    -1.00e+05   -1.00e+05
2007 03 11  0902   54170  32520    -1.00e+05   -1.00e+05
2007 03 11  0903   54170  32580    -1.00e+05   -1.00e+05
2007 03 11  0904   54170  32640    -1.00e+05   -1.00e+05
2007 03 11  0905   54170  32700    -1.00e+05   -1.00e+05
2007 03 11  0906   54170  32760    -1.00e+05   -1.00e+05
2007 03 11  0907   54170  32820    -1.00e+05   -1.00e+05
2007 03 11  0908   54170  32880    -1.00e+05   -1.00e+05
2007 03 11  0909   54170  32940    -1.00e+05   -1.00e+05
2007 03 11  0910   54170  33000    -1.00e+05   -1.00e+05
2007 03 11  0911   54170  33060    -1.00e+05   -1.00e+05
2007 03 11  0912   54170  33120    -1.00e+05   -1.00e+05
2007 03 11  0913   54170  33180    -1.00e+05   -1.00e+05
2007 03 11  0914   54170  33240    -1.00e+05   -1.00e+05
2007 03 11  0915   54170  33300    -1.00e+05   -1.00e+05
2007 03 11  0916   54170  33360    -1.00e+05   -1.00e+05
2007 03 11  0917   54170  33420    -1.00e+05   -1.00e+05
2007 03 11  0918   54170  33480    -1.00e+05   -1.00e+05
2007 03 11  0919   54170  33540    -1.00e+05   -1.00e+05
2007 03 11  0920   54170  33600    -1.00e+05   -1.00e+05
2007 03 11  0921   54170  33660    -1.00e+05   -1.00e+05
2007 03 11  0922   54170  33720    -1.00e+05   -1.00e+05
2007 03 11  0923   54170  33780    -1.00e+05   -1.00e+05
2007 03 11  0924   54170  33840    -1.00e+05   -1.00e+05
2007 03 11  0925   54170  33900    -1.00e+05   -1.00e+05
2007 03 11  0926   54170  33960    -1.00e+05   -1.00e+05
2007 03 11  0927   54170  34020    -1.00e+05   -1.00e+05
2007 03 11  0928   54170  34080    -1.00e+05   -1.00e+05
2007 03 11  0929   54170  34140    -1.00e+05   -1.00e+05
2007 03 11  0930   54170  34200    -1.00e+05   -1.00e+05
2007 03 11  0931   54170  34260    -1.00e+05   -1.00e+05
2007 03 11  0932   54170  34320    -1.00e+05   -1.00e+05
2007 03 11  0933   54170  34380    -1.00e+05   -1.00e+05
2007 03 11  0934   54170  34440    -1.00e+05   -1.00e+05
2007 03 11  0935   54170  34500    -1.00e+05   -1.00e+05
2007 03 11  0936   54170  34560    -1.00e+05   -1.00e+05
2007 03 11  0937   54170  34620    -1.00e+05   -1.00e+05
2007 03 11  0938   54170  34680    -1.00e+05   -1.00e+05
2007 03 11  0939   54170  34740    -1.00e+05   -1.00e+05
2007 03 11  0940   54170  34800    -1.00e+05   -1.00e+05
2007 03 11  0941   54170  34860    -1.00e+05   -1.00e+05
2007 03 11  0942   54170  34920    -1.00e+05   -1.00e+05
2007 03 11  0943   54170  34980    -1.00e+05   -1.00e+05
2007 03 11  0944   54170  35040    -1.00e+05   -1.00e+05
2007 03 11  0945   54170  35100    -1.00e+05   -1.00e+05
2007 03 11  0946   54170  35160    -1.00e+05   -1.00e+05
2007 03 11  0947   54170  35220    -1.00e+05   -1.00e+05
2007 03 11  0948   54170  35280    -1.00e+05   -1.00e+05
2007 03 11  0949   54170  35340    -1.00e+05   -1.00e+05
2007 03 11  0950   54170  35400    -1.00e+05   -1.00e+05
2007 03 11  0951   54170  35460     1.02e-08    3.73e-09
2007 03 11  0952   54170  35520     1.03e-08    3.73e-09
2007 03 11  0953   54170  35580     1.02e-08    3.73e-09
2007 03 11  0954   54170  35640     8.57e-09    3.73e-09
2007 03 11  0955   54170  35700     8.32e-09    3.73e-09
2007 03 11  0956   54170  35760     8.47e-09    3.73e-09
2007 03 11  0957   54170  35820     8.33e-09    3.73e-09
2007 03 11  0958   54170  35880     8.31e-09    3.73e-09
2007 03 11  0959   54170  35940     8.31e-09    3.73e-09
2007 03 11  1000   54170  36000     8.31e-09    3.73e-09
2007 03 11  1001   54170  36060     8.30e-09    3.73e-09
2007 03 11  1002   54170  36120     8.36e-09    3.73e-09
2007 03 11  1003   54170  36180     9.01e-09    3.74e-09
2007 03 11  1004   54170  36240     9.88e-09    3.73e-09
2007 03 11  1005   54170  36300     1.03e-08    3.73e-09
2007 03 11  1006   54170  36360     1.03e-08    3.73e-09
2007 03 11  1007   54170  36420     1.03e-08    3.74e-09
2007 03 11  1008   54170  36480     1.03e-08    3.86e-09
2007 03 11  1009   54170  36540     1.03e-08    4.16e-09
2007 03 11  1010   54170  36600     8.91e-09    3.74e-09
2007 03 11  1011   54170  36660     9.30e-09    3.73e-09
2007 03 11  1012   54170  36720     8.41e-09    3.73e-09
2007 03 11  1013   54170  36780     8.18e-09    3.73e-09
2007 03 11  1014   54170  36840     8.28e-09    3.74e-09
2007 03 11  1015   54170  36900     8.33e-09    3.74e-09
2007 03 11  1016   54170  36960     8.37e-09    3.74e-09
2007 03 11  1017   54170  37020     8.35e-09    3.73e-09
2007 03 11  1018   54170  37080     8.10e-09    3.73e-09
2007 03 11  1019   54170  37140     7.84e-09    3.73e-09
2007 03 11  1020   54170  37200     7.73e-09    3.73e-09
2007 03 11  1021   54170  37260     6.84e-09    3.73e-09
2007 03 11  1022   54170  37320     7.56e-09    3.73e-09
2007 03 11  1023   54170  37380     6.69e-09    3.73e-09
2007 03 11  1024   54170  37440     7.66e-09    3.73e-09
2007 03 11  1025   54170  37500     8.00e-09    3.73e-09
2007 03 11  1026   54170  37560     8.35e-09    3.73e-09
2007 03 11  1027   54170  37620     6.70e-09    3.73e-09
2007 03 11  1028   54170  37680     7.33e-09    3.73e-09
2007 03 11  1029   54170  37740     8.34e-09    3.73e-09
2007 03 11  1030   54170  37800     7.15e-09    3.73e-09
2007 03 11  1031   54170  37860     6.83e-09    3.73e-09
2007 03 11  1032   54170  37920     6.72e-09    3.73e-09
2007 03 11  1033   54170  37980     6.64e-09    3.73e-09
2007 03 11  1034   54170  38040     6.41e-09    3.73e-09
2007 03 11  1035   54170  38100     6.41e-09    3.73e-09
2007 03 11  1036   54170  38160     6.41e-09    3.73e-09
2007 03 11  1037   54170  38220     6.41e-09    3.73e-09
2007 03 11  1038   54170  38280     6.41e-09    3.73e-09
2007 03 11  1039   54170  38340     6.45e-09    3.73e-09
2007 03 11  1040   54170  38400     7.73e-09    3.73e-09
2007 03 11  1041   54170  38460     7.46e-09    3.73e-09
2007 03 11  1042   54170  38520     7.43e-09    3.73e-09
2007 03 11  1043   54170  38580     8.30e-09    3.73e-09
2007 03 11  1044   54170  38640     8.39e-09    3.73e-09
2007 03 11  1045   54170  38700     8.37e-09    3.73e-09
2007 03 11  1046   54170  38760     8.37e-09    3.73e-09
2007 03 11  1047   54170  38820     8.37e-09    3.73e-09
2007 03 11  1048   54170  38880     8.37e-09    3.73e-09
2007 03 11  1049   54170  38940     8.37e-09    3.73e-09
2007 03 11  1050   54170  39000     8.37e-09    3.73e-09
2007 03 11  1051   54170  39060     8.39e-09    3.73e-09
2007 03 11  1052   54170  39120     8.37e-09    3.73e-09
2007 03 11  1053   54170  39180     8.12e-09    3.73e-09
2007 03 11  1054   54170  39240     7.24e-09    3.73e-09
2007 03 11  1055   54170  39300     7.02e-09    3.73e-09
2007 03 11  1056   54170  39360     7.70e-09    3.73e-09
2007 03 11  1057   54170  39420     7.29e-09    3.73e-09
2007 03 11  1058   54170  39480     7.11e-09    3.73e-09
2007 03 11  1059   54170  39540     8.02e-09    3.73e-09
2007 03 11  1100   54170  39600     8.37e-09    3.73e-09
2007 03 11  1101   54170  39660     8.29e-09    3.73e-09
2007 03 11  1102   54170  39720     7.70e-09    3.73e-09
2007 03 11  1103   54170  39780     6.78e-09    3.73e-09
2007 03 11  1104   54170  39840     6.58e-09    3.73e-09
2007 03 11  1105   54170  39900     6.54e-09    3.73e-09
2007 03 11  1106   54170  39960     7.82e-09    3.73e-09
2007 03 11  1107   54170  40020     7.62e-09    3.73e-09
2007 03 11  1108   54170  40080     8.36e-09    3.73e-09
2007 03 11  1109   54170  40140     8.38e-09    3.73e-09
2007 03 11  1110   54170  40200     8.40e-09    3.73e-09
2007 03 11  1111   54170  40260     8.38e-09    3.73e-09
2007 03 11  1112   54170  40320     8.38e-09    3.73e-09
2007 03 11  1113   54170  40380     9.36e-09    3.73e-09
2007 03 11  1114   54170  40440     1.03e-08    3.73e-09
2007 03 11  1115   54170  40500     1.03e-08    3.73e-09
2007 03 11  1116   54170  40560     1.11e-08    3.73e-09
2007 03 11  1117   54170  40620     1.23e-08    3.73e-09
2007 03 11  1118   54170  40680     1.23e-08    3.73e-09
2007 03 11  1119   54170  40740     1.23e-08    3.73e-09
2007 03 11  1120   54170  40800     1.26e-08    3.73e-09
2007 03 11  1121   54170  40860     1.35e-08    3.73e-09
2007 03 11  1122   54170  40920     1.40e-08    3.73e-09
2007 03 11  1123   54170  40980     1.29e-08    3.73e-09
2007 03 11  1124   54170  41040     1.23e-08    3.73e-09
2007 03 11  1125   54170  41100     1.21e-08    3.73e-09
2007 03 11  1126   54170  41160     1.12e-08    3.73e-09
2007 03 11  1127   54170  41220     1.09e-08    3.73e-09
2007 03 11  1128   54170  41280     1.05e-08    3.73e-09
2007 03 11  1129   54170  41340     1.04e-08    3.73e-09
2007 03 11  1130   54170  41400     1.03e-08    3.73e-09
2007 03 11  1131   54170  41460     9.71e-09    3.73e-09
2007 03 11  1132   54170  41520     8.46e-09    3.73e-09
2007 03 11  1133   54170  41580     9.29e-09    3.73e-09
2007 03 11  1134   54170  41640     8.79e-09    3.73e-09
2007 03 11  1135   54170  41700     8.66e-09    3.73e-09
2007 03 11  1136   54170  41760     8.41e-09    3.73e-09
2007 03 11  1137   54170  41820     8.60e-09    3.73e-09
2007 03 11  1138   54170  41880     8.74e-09    3.73e-09
2007 03 11  1139   54170  41940     1.02e-08    3.73e-09
2007 03 11  1140   54170  42000     1.03e-08    3.73e-09
2007 03 11  1141   54170  42060     1.01e-08    3.73e-09
2007 03 11  1142   54170  42120     1.01e-08    3.73e-09
2007 03 11  1143   54170  42180     1.03e-08    3.73e-09
2007 03 11  1144   54170  42240     1.03e-08    3.73e-09
2007 03 11  1145   54170  42300     1.04e-08    3.73e-09
2007 03 11  1146   54170  42360     1.04e-08    3.73e-09
2007 03 11  1147   54170  42420     1.04e-08    3.73e-09
2007 03 11  1148   54170  42480     1.04e-08    3.73e-09
2007 03 11  1149   54170  42540     1.04e-08    3.73e-09
2007 03 11  1150   54170  42600     1.04e-08    3.73e-09
2007 03 11  1151   54170  42660     1.05e-08    3.73e-09
2007 03 11  1152   54170  42720     1.04e-08    3.73e-09
2007 03 11  1153   54170  42780     1.04e-08    3.73e-09
2007 03 11  1154   54170  42840     1.04e-08    3.73e-09
2007 03 11  1155   54170  42900     1.04e-08    3.73e-09
2007 03 11  1156   54170  42960     1.04e-08    3.73e-09
2007 03 11  1157   54170  43020     1.04e-08    3.73e-09
2007 03 11  1158   54170  43080     1.04e-08    3.73e-09
2007 03 11  1159   54170  43140     1.02e-08    3.73e-09
2007 03 11  1200   54170  43200     1.04e-08    3.73e-09
2007 03 11  1201   54170  43260     9.24e-09    3.73e-09
2007 03 11  1202   54170  43320     8.70e-09    3.73e-09
2007 03 11  1203   54170  43380     8.86e-09    3.73e-09
2007 03 11  1204   54170  43440     9.95e-09    3.73e-09
2007 03 11  1205   54170  43500     9.02e-09    3.73e-09
2007 03 11  1206   54170  43560     9.65e-09    3.73e-09
2007 03 11  1207   54170  43620     1.01e-08    3.73e-09
2007 03 11  1208   54170  43680     8.91e-09    3.73e-09
2007 03 11  1209   54170  43740     8.54e-09    3.73e-09
2007 03 11  1210   54170  43800     8.47e-09    3.73e-09
2007 03 11  1211   54170  43860     8.45e-09    3.73e-09
2007 03 11  1212   54170  43920     8.44e-09    3.73e-09
2007 03 11  1213   54170  43980     8.44e-09    3.73e-09
2007 03 11  1214   54170  44040     8.45e-09    3.74e-09
2007 03 11  1215   54170  44100     8.45e-09    3.73e-09
2007 03 11  1216   54170  44160     8.45e-09    3.73e-09
2007 03 11  1217   54170  44220     8.46e-09    3.73e-09
2007 03 11  1218   54170  44280     8.46e-09    3.73e-09
2007 03 11  1219   54170  44340     8.45e-09    3.73e-09
2007 03 11  1220   54170  44400     8.46e-09    3.73e-09
2007 03 11  1221   54170  44460     8.45e-09    3.73e-09
2007 03 11  1222   54170  44520     8.46e-09    3.73e-09
2007 03 11  1223   54170  44580     8.46e-09    3.73e-09
2007 03 11  1224   54170  44640     8.46e-09    3.73e-09
2007 03 11  1225   54170  44700     8.46e-09    3.73e-09
2007 03 11  1226   54170  44760     8.46e-09    3.73e-09
2007 03 11  1227   54170  44820     8.47e-09    3.73e-09
2007 03 11  1228   54170  44880     8.47e-09    3.73e-09
2007 03 11  1229   54170  44940     8.45e-09    3.73e-09
2007 03 11  1230   54170  45000     8.29e-09    3.73e-09
2007 03 11  1231   54170  45060     7.73e-09    3.73e-09
2007 03 11  1232   54170  45120     8.07e-09    3.73e-09
2007 03 11  1233   54170  45180     8.01e-09    3.73e-09
2007 03 11  1234   54170  45240     8.46e-09    3.73e-09
2007 03 11  1235   54170  45300     7.51e-09    3.73e-09
2007 03 11  1236   54170  45360     6.92e-09    3.73e-09
2007 03 11  1237   54170  45420     6.57e-09    3.73e-09
2007 03 11  1238   54170  45480     6.62e-09    3.73e-09
2007 03 11  1239   54170  45540     6.69e-09    3.73e-09
2007 03 11  1240   54170  45600     6.59e-09    3.73e-09
2007 03 11  1241   54170  45660     6.57e-09    3.73e-09
2007 03 11  1242   54170  45720     6.69e-09    3.73e-09
2007 03 11  1243   54170  45780     7.01e-09    3.73e-09
2007 03 11  1244   54170  45840     8.47e-09    3.73e-09
2007 03 11  1245   54170  45900     8.47e-09    3.73e-09
2007 03 11  1246   54170  45960     8.04e-09    3.73e-09
2007 03 11  1247   54170  46020     7.94e-09    3.73e-09
2007 03 11  1248   54170  46080     7.03e-09    3.73e-09
2007 03 11  1249   54170  46140     6.68e-09    3.73e-09
2007 03 11  1250   54170  46200     6.56e-09    3.73e-09
2007 03 11  1251   54170  46260     6.62e-09    3.73e-09
2007 03 11  1252   54170  46320     6.58e-09    3.73e-09
2007 03 11  1253   54170  46380     6.53e-09    3.73e-09
2007 03 11  1254   54170  46440     6.55e-09    3.73e-09
2007 03 11  1255   54170  46500     6.54e-09    3.73e-09
2007 03 11  1256   54170  46560     6.54e-09    3.73e-09
2007 03 11  1257   54170  46620     6.54e-09    3.73e-09
2007 03 11  1258   54170  46680     6.53e-09    3.73e-09
2007 03 11  1259   54170  46740     6.46e-09    3.73e-09
2007 03 11  1300   54170  46800     6.48e-09    3.73e-09
2007 03 11  1301   54170  46860     6.45e-09    3.73e-09
2007 03 11  1302   54170  46920     6.21e-09    3.73e-09
2007 03 11  1303   54170  46980     5.91e-09    3.73e-09
2007 03 11  1304   54170  47040     5.39e-09    3.73e-09
2007 03 11  1305   54170  47100     5.47e-09    3.73e-09
2007 03 11  1306   54170  47160     4.99e-09    3.73e-09
2007 03 11  1307   54170  47220     4.83e-09    3.73e-09
2007 03 11  1308   54170  47280     4.86e-09    3.73e-09
2007 03 11  1309   54170  47340     4.66e-09    3.73e-09
2007 03 11  1310   54170  47400     4.65e-09    3.73e-09
2007 03 11  1311   54170  47460     4.82e-09    3.73e-09
2007 03 11  1312   54170  47520     4.68e-09    3.73e-09
2007 03 11  1313   54170  47580     4.60e-09    3.73e-09
2007 03 11  1314   54170  47640     4.60e-09    3.73e-09
2007 03 11  1315   54170  47700     4.60e-09    3.73e-09
2007 03 11  1316   54170  47760     4.61e-09    3.73e-09
2007 03 11  1317   54170  47820     4.61e-09    3.73e-09
2007 03 11  1318   54170  47880     4.61e-09    3.73e-09
2007 03 11  1319   54170  47940     4.60e-09    3.73e-09
2007 03 11  1320   54170  48000     4.61e-09    3.73e-09
2007 03 11  1321   54170  48060     4.61e-09    3.73e-09
2007 03 11  1322   54170  48120     4.61e-09    3.73e-09
2007 03 11  1323   54170  48180     4.63e-09    3.73e-09
2007 03 11  1324   54170  48240     4.61e-09    3.73e-09
2007 03 11  1325   54170  48300     4.62e-09    3.73e-09
2007 03 11  1326   54170  48360     4.62e-09    3.73e-09
2007 03 11  1327   54170  48420     4.62e-09    3.73e-09
2007 03 11  1328   54170  48480     4.63e-09    3.73e-09
2007 03 11  1329   54170  48540     4.61e-09    3.73e-09
2007 03 11  1330   54170  48600     4.61e-09    3.73e-09
2007 03 11  1331   54170  48660     4.61e-09    3.73e-09
2007 03 11  1332   54170  48720     4.62e-09    3.73e-09
2007 03 11  1333   54170  48780     4.65e-09    3.75e-09
2007 03 11  1334   54170  48840     4.62e-09    4.86e-09
2007 03 11  1335   54170  48900     4.62e-09    1.03e-08
2007 03 11  1336   54170  48960     4.67e-09    1.64e-08
2007 03 11  1337   54170  49020     4.69e-09    1.91e-08
2007 03 11  1338   54170  49080     4.66e-09    2.36e-08
2007 03 11  1339   54170  49140     4.67e-09    2.48e-08
2007 03 11  1340   54170  49200     4.68e-09    2.09e-08
2007 03 11  1341   54170  49260     4.66e-09    1.90e-08
2007 03 11  1342   54170  49320     4.65e-09    1.89e-08
2007 03 11  1343   54170  49380     4.63e-09    1.83e-08
2007 03 11  1344   54170  49440     4.63e-09    1.30e-08
2007 03 11  1345   54170  49500     4.63e-09    1.27e-08
2007 03 11  1346   54170  49560     4.60e-09    1.27e-08
2007 03 11  1347   54170  49620     4.61e-09    1.23e-08
2007 03 11  1348   54170  49680     3.99e-09    7.94e-09
2007 03 11  1349   54170  49740     3.27e-09    6.39e-09
2007 03 11  1350   54170  49800     2.97e-09    6.39e-09
2007 03 11  1351   54170  49860     2.82e-09    6.50e-09
2007 03 11  1352   54170  49920     2.74e-09    6.41e-09
2007 03 11  1353   54170  49980     2.74e-09    6.43e-09
2007 03 11  1354   54170  50040     2.68e-09    6.42e-09
2007 03 11  1355   54170  50100     2.67e-09    4.51e-09
2007 03 11  1356   54170  50160     2.68e-09    3.77e-09
2007 03 11  1357   54170  50220     2.69e-09    3.75e-09
2007 03 11  1358   54170  50280     2.68e-09    3.73e-09
2007 03 11  1359   54170  50340     2.68e-09    3.73e-09
2007 03 11  1400   54170  50400     2.73e-09    3.73e-09
2007 03 11  1401   54170  50460     2.69e-09    3.73e-09
2007 03 11  1402   54170  50520     2.69e-09    3.73e-09
2007 03 11  1403   54170  50580     2.69e-09    3.73e-09
2007 03 11  1404   54170  50640     2.69e-09    3.73e-09
2007 03 11  1405   54170  50700     2.69e-09    3.73e-09
2007 03 11  1406   54170  50760     2.69e-09    3.73e-09
2007 03 11  1407   54170  50820     2.78e-09    3.73e-09
2007 03 11  1408   54170  50880     2.71e-09    3.73e-09
2007 03 11  1409   54170  50940     2.70e-09    3.73e-09
2007 03 11  1410   54170  51000     2.69e-09    3.73e-09
2007 03 11  1411   54170  51060     2.70e-09    3.73e-09
2007 03 11  1412   54170  51120     2.70e-09    3.73e-09
2007 03 11  1413   54170  51180     2.70e-09    3.73e-09
2007 03 11  1414   54170  51240     2.70e-09    3.73e-09
2007 03 11  1415   54170  51300     2.71e-09    3.73e-09
2007 03 11  1416   54170  51360     2.71e-09    3.73e-09
2007 03 11  1417   54170  51420     2.72e-09    3.73e-09
2007 03 11  1418   54170  51480     2.72e-09    3.73e-09
2007 03 11  1419   54170  51540     2.72e-09    3.73e-09
2007 03 11  1420   54170  51600     2.71e-09    3.73e-09
2007 03 11  1421   54170  51660     2.71e-09    3.73e-09
2007 03 11  1422   54170  51720     2.71e-09    3.73e-09
2007 03 11  1423   54170  51780     2.71e-09    3.73e-09
2007 03 11  1424   54170  51840     2.71e-09    3.73e-09
2007 03 11  1425   54170  51900     2.71e-09    3.73e-09
2007 03 11  1426   54170  51960     2.71e-09    3.73e-09
2007 03 11  1427   54170  52020     2.71e-09    3.73e-09
2007 03 11  1428   54170  52080     2.72e-09    3.73e-09
2007 03 11  1429   54170  52140     2.72e-09    3.73e-09
2007 03 11  1430   54170  52200     2.72e-09    3.73e-09
2007 03 11  1431   54170  52260     2.72e-09    3.73e-09
2007 03 11  1432   54170  52320     2.74e-09    3.73e-09
2007 03 11  1433   54170  52380     2.72e-09    3.73e-09
2007 03 11  1434   54170  52440     2.72e-09    3.73e-09
2007 03 11  1435   54170  52500     2.72e-09    3.73e-09
2007 03 11  1436   54170  52560     2.72e-09    3.73e-09
2007 03 11  1437   54170  52620     2.72e-09    3.73e-09
2007 03 11  1438   54170  52680     2.72e-09    3.73e-09
2007 03 11  1439   54170  52740     2.72e-09    3.73e-09
2007 03 11  1440   54170  52800     2.71e-09    3.73e-09
2007 03 11  1441   54170  52860     2.73e-09    3.73e-09
2007 03 11  1442   54170  52920     2.72e-09    3.73e-09
2007 03 11  1443   54170  52980     2.72e-09    3.73e-09
2007 03 11  1444   54170  53040     2.72e-09    3.73e-09
2007 03 11  1445   54170  53100     2.73e-09    3.73e-09
2007 03 11  1446   54170  53160     2.73e-09    3.73e-09
2007 03 11  1447   54170  53220     2.73e-09    3.73e-09
2007 03 11  1448   54170  53280     2.78e-09    3.73e-09
2007 03 11  1449   54170  53340     2.83e-09    3.73e-09
2007 03 11  1450   54170  53400     2.72e-09    3.73e-09
2007 03 11  1451   54170  53460     2.73e-09    3.73e-09
2007 03 11  1452   54170  53520     2.73e-09    3.73e-09
2007 03 11  1453   54170  53580     2.73e-09    3.73e-09
2007 03 11  1454   54170  53640     2.73e-09    3.73e-09
2007 03 11  1455   54170  53700     2.75e-09    3.73e-09
2007 03 11  1456   54170  53760     2.73e-09    3.73e-09
2007 03 11  1457   54170  53820     2.73e-09    3.73e-09
2007 03 11  1458   54170  53880     2.74e-09    3.73e-09
2007 03 11  1459   54170  53940     2.74e-09    3.73e-09
2007 03 11  1500   54170  54000     2.74e-09    3.73e-09
2007 03 11  1501   54170  54060     2.74e-09    3.73e-09
2007 03 11  1502   54170  54120     2.74e-09    3.73e-09
2007 03 11  1503   54170  54180     2.74e-09    3.73e-09
2007 03 11  1504   54170  54240     2.74e-09    3.73e-09
2007 03 11  1505   54170  54300     2.84e-09    3.73e-09
2007 03 11  1506   54170  54360     2.75e-09    3.73e-09
2007 03 11  1507   54170  54420     2.75e-09    3.73e-09
2007 03 11  1508   54170  54480     2.75e-09    3.73e-09
2007 03 11  1509   54170  54540     2.78e-09    3.73e-09
2007 03 11  1510   54170  54600     2.79e-09    3.73e-09
2007 03 11  1511   54170  54660     2.75e-09    3.73e-09
2007 03 11  1512   54170  54720     2.75e-09    3.73e-09
2007 03 11  1513   54170  54780     2.75e-09    3.73e-09
2007 03 11  1514   54170  54840     2.75e-09    3.73e-09
2007 03 11  1515   54170  54900     2.75e-09    3.73e-09
2007 03 11  1516   54170  54960     2.75e-09    3.73e-09
2007 03 11  1517   54170  55020     2.75e-09    3.73e-09
2007 03 11  1518   54170  55080     2.75e-09    3.73e-09
2007 03 11  1519   54170  55140     2.75e-09    3.73e-09
2007 03 11  1520   54170  55200     2.75e-09    3.73e-09
2007 03 11  1521   54170  55260     2.76e-09    3.73e-09
2007 03 11  1522   54170  55320     2.76e-09    3.73e-09
2007 03 11  1523   54170  55380     2.76e-09    3.73e-09
2007 03 11  1524   54170  55440     2.76e-09    3.73e-09
2007 03 11  1525   54170  55500     2.76e-09    3.73e-09
2007 03 11  1526   54170  55560     2.76e-09    3.73e-09
2007 03 11  1527   54170  55620     2.76e-09    3.73e-09
2007 03 11  1528   54170  55680     2.76e-09    3.73e-09
2007 03 11  1529   54170  55740     2.76e-09    3.73e-09
2007 03 11  1530   54170  55800     2.76e-09    3.73e-09
2007 03 11  1531   54170  55860     2.76e-09    3.73e-09
2007 03 11  1532   54170  55920     2.77e-09    3.73e-09
2007 03 11  1533   54170  55980     2.76e-09    3.73e-09
2007 03 11  1534   54170  56040     2.76e-09    3.73e-09
2007 03 11  1535   54170  56100     2.76e-09    3.73e-09
2007 03 11  1536   54170  56160     2.76e-09    3.73e-09
2007 03 11  1537   54170  56220     2.76e-09    3.73e-09
2007 03 11  1538   54170  56280     2.78e-09    3.73e-09
2007 03 11  1539   54170  56340     2.77e-09    3.73e-09
2007 03 11  1540   54170  56400     2.77e-09    3.73e-09
2007 03 11  1541   54170  56460     2.78e-09    3.73e-09
2007 03 11  1542   54170  56520     2.77e-09    3.73e-09
2007 03 11  1543   54170  56580     2.77e-09    3.73e-09
2007 03 11  1544   54170  56640     2.77e-09    3.73e-09
2007 03 11  1545   54170  56700     2.77e-09    3.73e-09
2007 03 11  1546   54170  56760     2.77e-09    3.73e-09
2007 03 11  1547   54170  56820     2.77e-09    3.73e-09
2007 03 11  1548   54170  56880     2.77e-09    3.73e-09
2007 03 11  1549   54170  56940     2.77e-09    3.73e-09
2007 03 11  1550   54170  57000     2.77e-09    3.73e-09
2007 03 11  1551   54170  57060     2.77e-09    3.73e-09
2007 03 11  1552   54170  57120     2.77e-09    3.73e-09
2007 03 11  1553   54170  57180     2.79e-09    3.73e-09
2007 03 11  1554   54170  57240     2.78e-09    3.73e-09
2007 03 11  1555   54170  57300     2.81e-09    3.73e-09
2007 03 11  1556   54170  57360     2.81e-09    3.73e-09
2007 03 11  1557   54170  57420     2.78e-09    3.73e-09
2007 03 11  1558   54170  57480     2.78e-09    3.73e-09
2007 03 11  1559   54170  57540     2.78e-09    3.73e-09
2007 03 11  1600   54170  57600     2.80e-09    3.73e-09
2007 03 11  1601   54170  57660     2.78e-09    3.73e-09
2007 03 11  1602   54170  57720     2.78e-09    3.73e-09
2007 03 11  1603   54170  57780     2.78e-09    3.73e-09
2007 03 11  1604   54170  57840     2.78e-09    3.73e-09
2007 03 11  1605   54170  57900     2.78e-09    3.73e-09
2007 03 11  1606   54170  57960     2.78e-09    3.73e-09
2007 03 11  1607   54170  58020     2.78e-09    3.73e-09
2007 03 11  1608   54170  58080     2.78e-09    3.73e-09
2007 03 11  1609   54170  58140     2.78e-09    3.73e-09
2007 03 11  1610   54170  58200     2.78e-09    3.73e-09
2007 03 11  1611   54170  58260     2.78e-09    3.73e-09
2007 03 11  1612   54170  58320     2.78e-09    3.73e-09
2007 03 11  1613   54170  58380     2.78e-09    3.73e-09
2007 03 11  1614   54170  58440     2.78e-09    3.73e-09
2007 03 11  1615   54170  58500     2.79e-09    3.73e-09
2007 03 11  1616   54170  58560     2.79e-09    3.73e-09
2007 03 11  1617   54170  58620     2.79e-09    3.73e-09
2007 03 11  1618   54170  58680     2.79e-09    3.73e-09
2007 03 11  1619   54170  58740     2.79e-09    3.73e-09
2007 03 11  1620   54170  58800     2.79e-09    3.73e-09
2007 03 11  1621   54170  58860     2.79e-09    3.73e-09
2007 03 11  1622   54170  58920     2.79e-09    3.73e-09
2007 03 11  1623   54170  58980     2.79e-09    3.73e-09
2007 03 11  1624   54170  59040     2.79e-09    3.73e-09
2007 03 11  1625   54170  59100     2.79e-09    3.73e-09
2007 03 11  1626   54170  59160     2.79e-09    3.73e-09
2007 03 11  1627   54170  59220     2.79e-09    3.73e-09
2007 03 11  1628   54170  59280     2.79e-09    3.73e-09
2007 03 11  1629   54170  59340     2.81e-09    3.73e-09
2007 03 11  1630   54170  59400     2.80e-09    3.73e-09
2007 03 11  1631   54170  59460     2.82e-09    3.73e-09
2007 03 11  1632   54170  59520     2.80e-09    3.73e-09
2007 03 11  1633   54170  59580     2.82e-09    3.73e-09
2007 03 11  1634   54170  59640     2.81e-09    3.73e-09
2007 03 11  1635   54170  59700     2.81e-09    3.73e-09
2007 03 11  1636   54170  59760     2.81e-09    3.73e-09
2007 03 11  1637   54170  59820     2.81e-09    3.73e-09
2007 03 11  1638   54170  59880     2.81e-09    3.73e-09
2007 03 11  1639   54170  59940     2.81e-09    3.73e-09
2007 03 11  1640   54170  60000     2.81e-09    3.73e-09
2007 03 11  1641   54170  60060     2.81e-09    3.73e-09
2007 03 11  1642   54170  60120     2.81e-09    3.73e-09
2007 03 11  1643   54170  60180     2.81e-09    3.73e-09
2007 03 11  1644   54170  60240     2.81e-09    3.73e-09
2007 03 11  1645   54170  60300     2.81e-09    3.73e-09
2007 03 11  1646   54170  60360     2.81e-09    3.73e-09
2007 03 11  1647   54170  60420     2.81e-09    3.73e-09
2007 03 11  1648   54170  60480     2.81e-09    3.73e-09
2007 03 11  1649   54170  60540     2.81e-09    3.73e-09
2007 03 11  1650   54170  60600     2.81e-09    3.73e-09
2007 03 11  1651   54170  60660     2.81e-09    3.73e-09
2007 03 11  1652   54170  60720     2.82e-09    3.73e-09
2007 03 11  1653   54170  60780     2.82e-09    3.73e-09
2007 03 11  1654   54170  60840     2.81e-09    3.73e-09
2007 03 11  1655   54170  60900     2.82e-09    3.73e-09
2007 03 11  1656   54170  60960     2.82e-09    3.73e-09
2007 03 11  1657   54170  61020     2.82e-09    3.73e-09
2007 03 11  1658   54170  61080     2.82e-09    3.73e-09
2007 03 11  1659   54170  61140     2.82e-09    3.73e-09
2007 03 11  1700   54170  61200     2.83e-09    3.73e-09
2007 03 11  1701   54170  61260     2.83e-09    3.73e-09
2007 03 11  1702   54170  61320     2.83e-09    3.73e-09
2007 03 11  1703   54170  61380     2.83e-09    3.73e-09
2007 03 11  1704   54170  61440     2.82e-09    3.73e-09
2007 03 11  1705   54170  61500     2.82e-09    3.73e-09
2007 03 11  1706   54170  61560     2.83e-09    3.73e-09
2007 03 11  1707   54170  61620     2.82e-09    3.73e-09
2007 03 11  1708   54170  61680     2.83e-09    3.73e-09
2007 03 11  1709   54170  61740     2.83e-09    3.73e-09
2007 03 11  1710   54170  61800     2.82e-09    3.73e-09
2007 03 11  1711   54170  61860     2.82e-09    3.73e-09
2007 03 11  1712   54170  61920     2.82e-09    3.73e-09
2007 03 11  1713   54170  61980     2.82e-09    3.73e-09
2007 03 11  1714   54170  62040     2.82e-09    3.73e-09
2007 03 11  1715   54170  62100     2.83e-09    3.73e-09
2007 03 11  1716   54170  62160     2.83e-09    3.73e-09
2007 03 11  1717   54170  62220     2.83e-09    3.73e-09
2007 03 11  1718   54170  62280     2.83e-09    3.73e-09
2007 03 11  1719   54170  62340     2.86e-09    3.73e-09
2007 03 11  1720   54170  62400     2.83e-09    3.73e-09
2007 03 11  1721   54170  62460     2.83e-09    3.73e-09
2007 03 11  1722   54170  62520     2.83e-09    3.73e-09
2007 03 11  1723   54170  62580     2.83e-09    3.73e-09
2007 03 11  1724   54170  62640     2.83e-09    3.73e-09
2007 03 11  1725   54170  62700     2.84e-09    3.73e-09
2007 03 11  1726   54170  62760     2.83e-09    3.73e-09
2007 03 11  1727   54170  62820     2.87e-09    3.73e-09
2007 03 11  1728   54170  62880     2.85e-09    3.73e-09
2007 03 11  1729   54170  62940     2.85e-09    3.73e-09
2007 03 11  1730   54170  63000     2.87e-09    3.73e-09
2007 03 11  1731   54170  63060     2.83e-09    3.73e-09
2007 03 11  1732   54170  63120     2.87e-09    3.73e-09
2007 03 11  1733   54170  63180     2.84e-09    3.73e-09
2007 03 11  1734   54170  63240     2.87e-09    3.73e-09
2007 03 11  1735   54170  63300     2.94e-09    3.73e-09
2007 03 11  1736   54170  63360     3.00e-09    3.73e-09
2007 03 11  1737   54170  63420     3.59e-09    3.73e-09
2007 03 11  1738   54170  63480     3.32e-09    3.73e-09
2007 03 11  1739   54170  63540     3.09e-09    3.73e-09
2007 03 11  1740   54170  63600     3.40e-09    3.73e-09
2007 03 11  1741   54170  63660     3.91e-09    3.73e-09
2007 03 11  1742   54170  63720     4.56e-09    3.73e-09
2007 03 11  1743   54170  63780     4.78e-09    3.73e-09
2007 03 11  1744   54170  63840     4.81e-09    3.73e-09
2007 03 11  1745   54170  63900     4.82e-09    3.73e-09
2007 03 11  1746   54170  63960     4.82e-09    3.73e-09
2007 03 11  1747   54170  64020     4.83e-09    3.73e-09
2007 03 11  1748   54170  64080     4.82e-09    3.73e-09
2007 03 11  1749   54170  64140     4.82e-09    3.73e-09
2007 03 11  1750   54170  64200     4.82e-09    3.73e-09
2007 03 11  1751   54170  64260     4.84e-09    3.73e-09
2007 03 11  1752   54170  64320     4.82e-09    3.73e-09
2007 03 11  1753   54170  64380     4.82e-09    3.73e-09
2007 03 11  1754   54170  64440     4.82e-09    3.73e-09
2007 03 11  1755   54170  64500     4.86e-09    3.73e-09
2007 03 11  1756   54170  64560     4.83e-09    3.73e-09
2007 03 11  1757   54170  64620     4.83e-09    3.73e-09
2007 03 11  1758   54170  64680     4.86e-09    3.73e-09
2007 03 11  1759   54170  64740     4.83e-09    3.73e-09
2007 03 11  1800   54170  64800     4.84e-09    3.73e-09
2007 03 11  1801   54170  64860     4.83e-09    3.73e-09
2007 03 11  1802   54170  64920     4.83e-09    3.73e-09
2007 03 11  1803   54170  64980     4.83e-09    3.73e-09
2007 03 11  1804   54170  65040     4.83e-09    3.73e-09
2007 03 11  1805   54170  65100     4.83e-09    3.73e-09
2007 03 11  1806   54170  65160     4.83e-09    3.73e-09
2007 03 11  1807   54170  65220     4.83e-09    3.73e-09
2007 03 11  1808   54170  65280     4.83e-09    3.73e-09
2007 03 11  1809   54170  65340     4.83e-09    3.73e-09
2007 03 11  1810   54170  65400     4.83e-09    3.73e-09
2007 03 11  1811   54170  65460     4.83e-09    3.73e-09
2007 03 11  1812   54170  65520     4.83e-09    3.73e-09
2007 03 11  1813   54170  65580     4.83e-09    3.73e-09
2007 03 11  1814   54170  65640     4.83e-09    3.73e-09
2007 03 11  1815   54170  65700     4.83e-09    3.73e-09
2007 03 11  1816   54170  65760     4.83e-09    3.73e-09
2007 03 11  1817   54170  65820     4.84e-09    3.73e-09
2007 03 11  1818   54170  65880     4.84e-09    3.73e-09
2007 03 11  1819   54170  65940     4.88e-09    3.73e-09
2007 03 11  1820   54170  66000     4.84e-09    3.73e-09
2007 03 11  1821   54170  66060     4.84e-09    3.73e-09
2007 03 11  1822   54170  66120     4.89e-09    3.73e-09
2007 03 11  1823   54170  66180     4.84e-09    3.73e-09
2007 03 11  1824   54170  66240     4.84e-09    3.73e-09
2007 03 11  1825   54170  66300     4.86e-09    3.73e-09
2007 03 11  1826   54170  66360     4.86e-09    3.73e-09
2007 03 11  1827   54170  66420     4.84e-09    3.73e-09
2007 03 11  1828   54170  66480     4.84e-09    3.73e-09
2007 03 11  1829   54170  66540     4.83e-09    3.73e-09
2007 03 11  1830   54170  66600     4.67e-09    3.73e-09
2007 03 11  1831   54170  66660     4.71e-09    3.73e-09
2007 03 11  1832   54170  66720     4.60e-09    3.73e-09
2007 03 11  1833   54170  66780     4.24e-09    3.73e-09
2007 03 11  1834   54170  66840     4.06e-09    3.73e-09
2007 03 11  1835   54170  66900     3.46e-09    3.73e-09
2007 03 11  1836   54170  66960     3.80e-09    3.73e-09
2007 03 11  1837   54170  67020     4.04e-09    3.73e-09
2007 03 11  1838   54170  67080     3.49e-09    3.73e-09
2007 03 11  1839   54170  67140     3.69e-09    3.73e-09
2007 03 11  1840   54170  67200     3.68e-09    3.73e-09
2007 03 11  1841   54170  67260     4.46e-09    3.73e-09
2007 03 11  1842   54170  67320     3.27e-09    3.73e-09
2007 03 11  1843   54170  67380     2.89e-09    3.73e-09
2007 03 11  1844   54170  67440     2.90e-09    3.73e-09
2007 03 11  1845   54170  67500     2.89e-09    3.73e-09
2007 03 11  1846   54170  67560     2.91e-09    3.73e-09
2007 03 11  1847   54170  67620     2.92e-09    3.73e-09
2007 03 11  1848   54170  67680     3.32e-09    3.73e-09
2007 03 11  1849   54170  67740     3.69e-09    3.73e-09
2007 03 11  1850   54170  67800     3.19e-09    3.73e-09
2007 03 11  1851   54170  67860     2.95e-09    3.73e-09
2007 03 11  1852   54170  67920     2.90e-09    3.73e-09
2007 03 11  1853   54170  67980     2.94e-09    3.73e-09
2007 03 11  1854   54170  68040     2.89e-09    3.73e-09
2007 03 11  1855   54170  68100     2.92e-09    3.73e-09
2007 03 11  1856   54170  68160     2.89e-09    3.73e-09
2007 03 11  1857   54170  68220     2.91e-09    3.73e-09
2007 03 11  1858   54170  68280     2.89e-09    3.73e-09
2007 03 11  1859   54170  68340     2.91e-09    3.73e-09
2007 03 11  1900   54170  68400     2.95e-09    3.73e-09
2007 03 11  1901   54170  68460     2.90e-09    3.73e-09
2007 03 11  1902   54170  68520     2.92e-09    3.73e-09
2007 03 11  1903   54170  68580     2.90e-09    3.73e-09
2007 03 11  1904   54170  68640     2.93e-09    3.73e-09
2007 03 11  1905   54170  68700     2.90e-09    3.73e-09
2007 03 11  1906   54170  68760     2.92e-09    3.73e-09
2007 03 11  1907   54170  68820     2.90e-09    3.73e-09
2007 03 11  1908   54170  68880     2.94e-09    3.73e-09
2007 03 11  1909   54170  68940     3.01e-09    3.73e-09
2007 03 11  1910   54170  69000     2.91e-09    3.73e-09
2007 03 11  1911   54170  69060     2.91e-09    3.73e-09
2007 03 11  1912   54170  69120     2.91e-09    3.73e-09
2007 03 11  1913   54170  69180     2.95e-09    3.73e-09
2007 03 11  1914   54170  69240     2.93e-09    3.73e-09
2007 03 11  1915   54170  69300     2.93e-09    3.73e-09
2007 03 11  1916   54170  69360     2.94e-09    3.73e-09
2007 03 11  1917   54170  69420     2.96e-09    3.73e-09
2007 03 11  1918   54170  69480     2.92e-09    3.73e-09
2007 03 11  1919   54170  69540     2.92e-09    3.73e-09
2007 03 11  1920   54170  69600     2.93e-09    3.73e-09
2007 03 11  1921   54170  69660     2.92e-09    3.73e-09
2007 03 11  1922   54170  69720     2.92e-09    3.73e-09
2007 03 11  1923   54170  69780     2.94e-09    3.73e-09
2007 03 11  1924   54170  69840     2.92e-09    3.73e-09
2007 03 11  1925   54170  69900     2.94e-09    3.73e-09
2007 03 11  1926   54170  69960     2.93e-09    3.73e-09
2007 03 11  1927   54170  70020     3.08e-09    3.73e-09
2007 03 11  1928   54170  70080     2.94e-09    3.73e-09
2007 03 11  1929   54170  70140     2.92e-09    3.76e-09
2007 03 11  1930   54170  70200     2.94e-09    3.73e-09
2007 03 11  1931   54170  70260     2.93e-09    3.73e-09
2007 03 11  1932   54170  70320     2.96e-09    3.73e-09
2007 03 11  1933   54170  70380     2.93e-09    3.73e-09
2007 03 11  1934   54170  70440     2.93e-09    3.73e-09
2007 03 11  1935   54170  70500     2.96e-09    3.73e-09
2007 03 11  1936   54170  70560     2.95e-09    3.73e-09
2007 03 11  1937   54170  70620     2.93e-09    3.73e-09
2007 03 11  1938   54170  70680     2.93e-09    3.73e-09
2007 03 11  1939   54170  70740     2.93e-09    3.73e-09
2007 03 11  1940   54170  70800     2.93e-09    3.73e-09
2007 03 11  1941   54170  70860     2.93e-09    3.73e-09
2007 03 11  1942   54170  70920     2.93e-09    3.73e-09
2007 03 11  1943   54170  70980     2.93e-09    3.73e-09
2007 03 11  1944   54170  71040     2.93e-09    3.73e-09
2007 03 11  1945   54170  71100     3.00e-09    3.73e-09
2007 03 11  1946   54170  71160     2.93e-09    3.73e-09
2007 03 11  1947   54170  71220     2.93e-09    3.73e-09
2007 03 11  1948   54170  71280     2.94e-09    3.73e-09
2007 03 11  1949   54170  71340     2.94e-09    3.73e-09
2007 03 11  1950   54170  71400     2.94e-09    3.73e-09
2007 03 11  1951   54170  71460     2.94e-09    3.73e-09
2007 03 11  1952   54170  71520     2.94e-09    3.73e-09
2007 03 11  1953   54170  71580     2.94e-09    3.73e-09
2007 03 11  1954   54170  71640     2.94e-09    3.73e-09
2007 03 11  1955   54170  71700     2.94e-09    3.73e-09
2007 03 11  1956   54170  71760     2.94e-09    3.73e-09
2007 03 11  1957   54170  71820     2.94e-09    3.73e-09
2007 03 11  1958   54170  71880     2.94e-09    3.73e-09
2007 03 11  1959   54170  71940     2.94e-09    3.73e-09
2007 03 11  2000   54170  72000     2.96e-09    3.73e-09
2007 03 11  2001   54170  72060     2.97e-09    3.73e-09
2007 03 11  2002   54170  72120     2.95e-09    3.73e-09
2007 03 11  2003   54170  72180     2.95e-09    3.73e-09
2007 03 11  2004   54170  72240     2.95e-09    3.73e-09
2007 03 11  2005   54170  72300     2.95e-09    3.73e-09
2007 03 11  2006   54170  72360     2.95e-09    3.73e-09
2007 03 11  2007   54170  72420     2.95e-09    3.73e-09
2007 03 11  2008   54170  72480     2.95e-09    3.73e-09
2007 03 11  2009   54170  72540     2.95e-09    3.73e-09
2007 03 11  2010   54170  72600     2.96e-09    3.73e-09
2007 03 11  2011   54170  72660     2.96e-09    3.73e-09
2007 03 11  2012   54170  72720     2.96e-09    3.73e-09
2007 03 11  2013   54170  72780     2.96e-09    3.73e-09
2007 03 11  2014   54170  72840     2.96e-09    3.73e-09
2007 03 11  2015   54170  72900     2.96e-09    3.73e-09
2007 03 11  2016   54170  72960     2.96e-09    3.73e-09
2007 03 11  2017   54170  73020     2.97e-09    3.73e-09
2007 03 11  2018   54170  73080     2.97e-09    3.73e-09
2007 03 11  2019   54170  73140     2.97e-09    3.73e-09
2007 03 11  2020   54170  73200     2.97e-09    3.73e-09
2007 03 11  2021   54170  73260     2.97e-09    3.73e-09
2007 03 11  2022   54170  73320     2.96e-09    3.73e-09
2007 03 11  2023   54170  73380     2.96e-09    3.73e-09
2007 03 11  2024   54170  73440     2.96e-09    3.73e-09
2007 03 11  2025   54170  73500     2.96e-09    3.73e-09
2007 03 11  2026   54170  73560     2.96e-09    3.73e-09
2007 03 11  2027   54170  73620     2.96e-09    3.73e-09
2007 03 11  2028   54170  73680     2.97e-09    3.73e-09
2007 03 11  2029   54170  73740     2.97e-09    3.73e-09
2007 03 11  2030   54170  73800     2.97e-09    3.73e-09
2007 03 11  2031   54170  73860     2.99e-09    3.73e-09
2007 03 11  2032   54170  73920     2.97e-09    3.73e-09
2007 03 11  2033   54170  73980     2.97e-09    3.73e-09
2007 03 11  2034   54170  74040     2.97e-09    3.73e-09
2007 03 11  2035   54170  74100     2.97e-09    3.73e-09
2007 03 11  2036   54170  74160     2.97e-09    3.73e-09
2007 03 11  2037   54170  74220     2.98e-09    3.73e-09
2007 03 11  2038   54170  74280     2.98e-09    3.73e-09
2007 03 11  2039   54170  74340     2.98e-09    3.73e-09
2007 03 11  2040   54170  74400     2.98e-09    3.73e-09
2007 03 11  2041   54170  74460     2.98e-09    3.73e-09
2007 03 11  2042   54170  74520     2.98e-09    3.73e-09
2007 03 11  2043   54170  74580     2.98e-09    3.73e-09
2007 03 11  2044   54170  74640     2.98e-09    3.73e-09
2007 03 11  2045   54170  74700     2.98e-09    3.73e-09
2007 03 11  2046   54170  74760     2.98e-09    3.73e-09
2007 03 11  2047   54170  74820     2.98e-09    3.73e-09
2007 03 11  2048   54170  74880     2.98e-09    3.73e-09
2007 03 11  2049   54170  74940     2.98e-09    3.73e-09
2007 03 11  2050   54170  75000     2.98e-09    3.73e-09
2007 03 11  2051   54170  75060     2.98e-09    3.73e-09
2007 03 11  2052   54170  75120     2.98e-09    3.73e-09
2007 03 11  2053   54170  75180     2.98e-09    3.73e-09
2007 03 11  2054   54170  75240     2.96e-09    3.73e-09
2007 03 11  2055   54170  75300     2.98e-09    3.73e-09
2007 03 11  2056   54170  75360     2.98e-09    3.73e-09
2007 03 11  2057   54170  75420     2.98e-09    3.73e-09
2007 03 11  2058   54170  75480     2.98e-09    3.73e-09
2007 03 11  2059   54170  75540     2.98e-09    3.73e-09
2007 03 11  2100   54170  75600     2.97e-09    3.73e-09
2007 03 11  2101   54170  75660     2.98e-09    3.73e-09
2007 03 11  2102   54170  75720     2.99e-09    3.73e-09
2007 03 11  2103   54170  75780     2.97e-09    3.73e-09
2007 03 11  2104   54170  75840     2.99e-09    3.73e-09
2007 03 11  2105   54170  75900     2.99e-09    3.73e-09
2007 03 11  2106   54170  75960     2.99e-09    3.73e-09
2007 03 11  2107   54170  76020     2.98e-09    3.73e-09
2007 03 11  2108   54170  76080     2.96e-09    3.73e-09
2007 03 11  2109   54170  76140     2.99e-09    3.73e-09
2007 03 11  2110   54170  76200     2.99e-09    3.73e-09
2007 03 11  2111   54170  76260     2.99e-09    3.73e-09
2007 03 11  2112   54170  76320     2.99e-09    3.73e-09
2007 03 11  2113   54170  76380     2.98e-09    3.73e-09
2007 03 11  2114   54170  76440     2.99e-09    3.73e-09
2007 03 11  2115   54170  76500     2.99e-09    3.73e-09
2007 03 11  2116   54170  76560     2.97e-09    3.73e-09
2007 03 11  2117   54170  76620     2.92e-09    3.73e-09
2007 03 11  2118   54170  76680     2.99e-09    3.73e-09
2007 03 11  2119   54170  76740     2.93e-09    3.73e-09
2007 03 11  2120   54170  76800     2.98e-09    3.73e-09
2007 03 11  2121   54170  76860     2.96e-09    3.73e-09
2007 03 11  2122   54170  76920     2.99e-09    3.73e-09
2007 03 11  2123   54170  76980     3.00e-09    3.73e-09
2007 03 11  2124   54170  77040     2.99e-09    3.73e-09
2007 03 11  2125   54170  77100     3.00e-09    3.73e-09
2007 03 11  2126   54170  77160     3.00e-09    3.73e-09
2007 03 11  2127   54170  77220     3.05e-09    3.73e-09
2007 03 11  2128   54170  77280     3.00e-09    3.73e-09
2007 03 11  2129   54170  77340     3.00e-09    3.73e-09
2007 03 11  2130   54170  77400     3.00e-09    3.73e-09
2007 03 11  2131   54170  77460     3.01e-09    3.73e-09
2007 03 11  2132   54170  77520     3.01e-09    3.73e-09
2007 03 11  2133   54170  77580     2.97e-09    3.73e-09
2007 03 11  2134   54170  77640     3.01e-09    3.73e-09
2007 03 11  2135   54170  77700     3.01e-09    3.73e-09
2007 03 11  2136   54170  77760     3.01e-09    3.73e-09
2007 03 11  2137   54170  77820     3.01e-09    3.73e-09
2007 03 11  2138   54170  77880     3.01e-09    3.73e-09
2007 03 11  2139   54170  77940     2.96e-09    3.73e-09
2007 03 11  2140   54170  78000     2.99e-09    3.73e-09
2007 03 11  2141   54170  78060     3.01e-09    3.73e-09
2007 03 11  2142   54170  78120     2.79e-09    3.73e-09
2007 03 11  2143   54170  78180     2.22e-09    3.73e-09
2007 03 11  2144   54170  78240     1.53e-09    3.73e-09
2007 03 11  2145   54170  78300     1.33e-09    3.73e-09
2007 03 11  2146   54170  78360     1.29e-09    3.73e-09
2007 03 11  2147   54170  78420     1.36e-09    3.73e-09
2007 03 11  2148   54170  78480     1.46e-09    3.73e-09
2007 03 11  2149   54170  78540     1.46e-09    3.73e-09
2007 03 11  2150   54170  78600     1.62e-09    3.73e-09
2007 03 11  2151   54170  78660     1.73e-09    3.73e-09
2007 03 11  2152   54170  78720     1.31e-09    3.73e-09
2007 03 11  2153   54170  78780     1.82e-09    3.73e-09
2007 03 11  2154   54170  78840     1.95e-09    3.73e-09
2007 03 11  2155   54170  78900     2.09e-09    3.73e-09
2007 03 11  2156   54170  78960     2.03e-09    3.73e-09
2007 03 11  2157   54170  79020     1.77e-09    3.73e-09
2007 03 11  2158   54170  79080     1.92e-09    3.73e-09
2007 03 11  2159   54170  79140     1.67e-09    3.73e-09
2007 03 11  2200   54170  79200     1.49e-09    3.73e-09
2007 03 11  2201   54170  79260     1.29e-09    3.73e-09
2007 03 11  2202   54170  79320     1.69e-09    3.73e-09
2007 03 11  2203   54170  79380     2.11e-09    3.73e-09
2007 03 11  2204   54170  79440     2.45e-09    3.73e-09
2007 03 11  2205   54170  79500     2.77e-09    3.73e-09
2007 03 11  2206   54170  79560     2.95e-09    3.73e-09
2007 03 11  2207   54170  79620     3.00e-09    3.73e-09
2007 03 11  2208   54170  79680     2.96e-09    3.73e-09
2007 03 11  2209   54170  79740     2.98e-09    3.73e-09
2007 03 11  2210   54170  79800     2.98e-09    3.73e-09
2007 03 11  2211   54170  79860     2.98e-09    3.73e-09
2007 03 11  2212   54170  79920     2.69e-09    3.73e-09
2007 03 11  2213   54170  79980     2.51e-09    3.73e-09
2007 03 11  2214   54170  80040     2.22e-09    3.73e-09
2007 03 11  2215   54170  80100     1.90e-09    3.73e-09
2007 03 11  2216   54170  80160     1.65e-09    3.73e-09
2007 03 11  2217   54170  80220     1.81e-09    3.73e-09
2007 03 11  2218   54170  80280     1.81e-09    3.73e-09
2007 03 11  2219   54170  80340     1.88e-09    3.73e-09
2007 03 11  2220   54170  80400     1.54e-09    3.73e-09
2007 03 11  2221   54170  80460     1.91e-09    3.73e-09
2007 03 11  2222   54170  80520     1.70e-09    3.73e-09
2007 03 11  2223   54170  80580     1.77e-09    3.73e-09
2007 03 11  2224   54170  80640     1.68e-09    3.73e-09
2007 03 11  2225   54170  80700     1.65e-09    3.73e-09
2007 03 11  2226   54170  80760     1.87e-09    3.73e-09
2007 03 11  2227   54170  80820     1.72e-09    3.73e-09
2007 03 11  2228   54170  80880     1.53e-09    3.73e-09
2007 03 11  2229   54170  80940     1.40e-09    3.73e-09
2007 03 11  2230   54170  81000     1.25e-09    3.73e-09
2007 03 11  2231   54170  81060     1.32e-09    3.73e-09
2007 03 11  2232   54170  81120     1.42e-09    3.73e-09
2007 03 11  2233   54170  81180     1.30e-09    3.73e-09
2007 03 11  2234   54170  81240     1.35e-09    3.73e-09
2007 03 11  2235   54170  81300     1.49e-09    3.73e-09
2007 03 11  2236   54170  81360     1.23e-09    3.73e-09
2007 03 11  2237   54170  81420     1.23e-09    3.73e-09
2007 03 11  2238   54170  81480     1.33e-09    3.73e-09
2007 03 11  2239   54170  81540     1.17e-09    3.73e-09
2007 03 11  2240   54170  81600     1.32e-09    3.73e-09
2007 03 11  2241   54170  81660     1.14e-09    3.73e-09
2007 03 11  2242   54170  81720     1.24e-09    3.73e-09
2007 03 11  2243   54170  81780     1.20e-09    3.73e-09
2007 03 11  2244   54170  81840     1.16e-09    3.73e-09
2007 03 11  2245   54170  81900     1.34e-09    3.73e-09
2007 03 11  2246   54170  81960     1.43e-09    3.73e-09
2007 03 11  2247   54170  82020     1.26e-09    3.73e-09
2007 03 11  2248   54170  82080     1.36e-09    3.73e-09
2007 03 11  2249   54170  82140     1.20e-09    3.73e-09
2007 03 11  2250   54170  82200     1.22e-09    3.73e-09
2007 03 11  2251   54170  82260     1.17e-09    3.73e-09
2007 03 11  2252   54170  82320     1.12e-09    3.73e-09
2007 03 11  2253   54170  82380     1.12e-09    3.73e-09
2007 03 11  2254   54170  82440     1.33e-09    3.73e-09
2007 03 11  2255   54170  82500     1.18e-09    3.73e-09
2007 03 11  2256   54170  82560     1.08e-09    3.73e-09
2007 03 11  2257   54170  82620     1.20e-09    3.73e-09
2007 03 11  2258   54170  82680     1.18e-09    3.73e-09
2007 03 11  2259   54170  82740     1.15e-09    3.73e-09
2007 03 11  2300   54170  82800     1.15e-09    3.73e-09
2007 03 11  2301   54170  82860     1.12e-09    3.73e-09
2007 03 11  2302   54170  82920     1.15e-09    3.73e-09
2007 03 11  2303   54170  82980     1.08e-09    3.73e-09
2007 03 11  2304   54170  83040     1.20e-09    3.73e-09
2007 03 11  2305   54170  83100     1.18e-09    3.73e-09
2007 03 11  2306   54170  83160     1.30e-09    3.73e-09
2007 03 11  2307   54170  83220     1.18e-09    3.73e-09
2007 03 11  2308   54170  83280     1.10e-09    3.73e-09
2007 03 11  2309   54170  83340     1.13e-09    3.73e-09
2007 03 11  2310   54170  83400     1.13e-09    3.73e-09
2007 03 11  2311   54170  83460     1.22e-09    3.73e-09
2007 03 11  2312   54170  83520     1.14e-09    3.73e-09
2007 03 11  2313   54170  83580     1.10e-09    3.73e-09
2007 03 11  2314   54170  83640     1.09e-09    3.73e-09
2007 03 11  2315   54170  83700     1.12e-09    3.73e-09
2007 03 11  2316   54170  83760     1.09e-09    3.73e-09
2007 03 11  2317   54170  83820     1.16e-09    3.73e-09
2007 03 11  2318   54170  83880     1.23e-09    3.73e-09
2007 03 11  2319   54170  83940     1.13e-09    3.73e-09
2007 03 11  2320   54170  84000     1.16e-09    3.73e-09
2007 03 11  2321   54170  84060     1.11e-09    3.73e-09
2007 03 11  2322   54170  84120     1.14e-09    3.73e-09
2007 03 11  2323   54170  84180     1.13e-09    3.73e-09
2007 03 11  2324   54170  84240     1.11e-09    3.73e-09
2007 03 11  2325   54170  84300     1.09e-09    3.73e-09
2007 03 11  2326   54170  84360     1.09e-09    3.73e-09
2007 03 11  2327   54170  84420     1.11e-09    3.73e-09
2007 03 11  2328   54170  84480     1.10e-09    3.73e-09
2007 03 11  2329   54170  84540     1.21e-09    3.73e-09
2007 03 11  2330   54170  84600     1.17e-09    3.73e-09
2007 03 11  2331   54170  84660     1.11e-09    3.73e-09
2007 03 11  2332   54170  84720     1.12e-09    3.73e-09
2007 03 11  2333   54170  84780     1.12e-09    3.73e-09
2007 03 11  2334   54170  84840     1.13e-09    3.73e-09
2007 03 11  2335   54170  84900     1.15e-09    3.73e-09
2007 03 11  2336   54170  84960     1.12e-09    3.73e-09
2007 03 11  2337   54170  85020     1.12e-09    3.73e-09
2007 03 11  2338   54170  85080     1.10e-09    3.73e-09
2007 03 11  2339   54170  85140     1.10e-09    3.73e-09
2007 03 11  2340   54170  85200     1.15e-09    3.73e-09
2007 03 11  2341   54170  85260     1.16e-09    3.73e-09
2007 03 11  2342   54170  85320     1.17e-09    3.73e-09
2007 03 11  2343   54170  85380     1.11e-09    3.73e-09
2007 03 11  2344   54170  85440     1.12e-09    3.73e-09
2007 03 11  2345   54170  85500     1.14e-09    3.73e-09
2007 03 11  2346   54170  85560     1.10e-09    3.73e-09
2007 03 11  2347   54170  85620     1.10e-09    3.73e-09
2007 03 11  2348   54170  85680     1.10e-09    3.73e-09
2007 03 11  2349   54170  85740     1.15e-09    3.73e-09
2007 03 11  2350   54170  85800     1.12e-09    3.73e-09
2007 03 11  2351   54170  85860     1.10e-09    3.73e-09
2007 03 11  2352   54170  85920     1.10e-09    3.73e-09
2007 03 11  2353   54170  85980     1.10e-09    3.73e-09
2007 03 11  2354   54170  86040     1.17e-09    3.73e-09
2007 03 11  2355   54170  86100     1.10e-09    3.73e-09
2007 03 11  2356   54170  86160     1.10e-09    3.73e-09
2007 03 11  2357   54170  86220     1.15e-09    3.73e-09
2007 03 11  2358   54170  86280     1.10e-09    3.73e-09
2007 03 11  2359   54170  86340     1.12e-09    3.73e-09
