:Data_list: 20100413_G11part_5m.txt
:Created: 2010 Apr 14 0013 UTC
# Prepared by the U.S. Dept. of Commerce, NOAA, Space Weather Prediction Center
# Please send comments and suggestions to SWPC.Webmaster@noaa.gov 
# 
# Label: P > 1 = Particles at >1 Mev
# Label: P > 5 = Particles at >5 Mev
# Label: P >10 = Particles at >10 Mev
# Label: P >30 = Particles at >30 Mev
# Label: P >50 = Particles at >50 Mev
# Label: P>100 = Particles at >100 Mev
# Label: E>0.6 = Electrons at >0.6 Mev
# Label: E>2.0 = Electrons at >2.0 Mev
# Label: E>4.0 = Electrons at >4.0 Mev
# Units: Particles = Protons/cm2-s-sr
# Units: Electrons = Electrons/cm2-s-sr
# Source: GOES-11
# Location: W135
# Missing data: -1.00e+05
#
#                      5-minute  GOES-11 Solar Particle and Electron Flux
#
#                 Modified Seconds
# UTC Date  Time   Julian  of the
# YR MO DA  HHMM    Day     Day     P > 1     P > 5     P >10     P >30     P >50     P>100     E>0.6     E>2.0     E>4.0
#-------------------------------------------------------------------------------------------------------------------------
2010 04 13  0000   55299      0   9.87e+00  3.16e-01  2.83e-01  7.50e-02  6.32e-02  3.04e-02  1.08e+05  1.88e+02 -1.00e+05
2010 04 13  0005   55299    300   1.73e+01  3.62e-01  2.28e-01  1.72e-01  1.26e-01  4.64e-02  1.11e+05  1.94e+02 -1.00e+05
2010 04 13  0010   55299    600   1.63e+01  3.69e-01  2.06e-01  1.30e-01  9.39e-02  6.13e-02  1.06e+05  1.83e+02 -1.00e+05
2010 04 13  0015   55299    900   1.57e+01  3.98e-01  2.69e-01  8.97e-02  6.97e-02  4.17e-02  1.07e+05  1.85e+02 -1.00e+05
2010 04 13  0020   55299   1200   1.04e+01  3.00e-01  2.67e-01  2.13e-01  1.25e-01  4.15e-02  1.07e+05  1.91e+02 -1.00e+05
2010 04 13  0025   55299   1500   1.53e+01  3.04e-01  1.45e-01  7.05e-02  6.01e-02  2.86e-02  1.08e+05  2.02e+02 -1.00e+05
2010 04 13  0030   55299   1800   9.59e+00  2.44e-01  2.11e-01  6.11e-02  5.07e-02  2.55e-02  1.05e+05  2.03e+02 -1.00e+05
2010 04 13  0035   55299   2100   1.60e+01  3.45e-01  1.93e-01  1.37e-01  1.27e-01  5.01e-02  1.05e+05  1.88e+02 -1.00e+05
2010 04 13  0040   55299   2400   8.84e+00  2.66e-01  2.33e-01  1.81e-01  1.58e-01  5.87e-02  1.05e+05  2.00e+02 -1.00e+05
2010 04 13  0045   55299   2700   1.60e+01  3.16e-01  1.56e-01  9.97e-02  6.77e-02  3.63e-02  1.03e+05  1.91e+02 -1.00e+05
2010 04 13  0050   55299   3000   1.50e+01  7.35e-01  5.71e-01  1.61e-01  1.08e-01  7.46e-02  1.01e+05  1.91e+02 -1.00e+05
2010 04 13  0055   55299   3300   9.29e+00  3.06e-01  2.59e-01  2.05e-01  1.89e-01  9.34e-02  1.02e+05  1.93e+02 -1.00e+05
2010 04 13  0100   55299   3600   8.22e+00  4.24e-01  3.91e-01  1.80e-01  1.32e-01  9.86e-02  1.00e+05  1.77e+02 -1.00e+05
2010 04 13  0105   55299   3900   1.37e+01  3.74e-01  2.10e-01  1.33e-01  9.65e-02  6.36e-02  9.85e+04  1.87e+02 -1.00e+05
2010 04 13  0110   55299   4200   8.07e+00  2.31e-01  1.98e-01  1.45e-01  9.71e-02  6.09e-02  9.88e+04  1.79e+02 -1.00e+05
2010 04 13  0115   55299   4500   1.42e+01  3.31e-01  1.55e-01  6.86e-02  5.82e-02  2.79e-02  9.65e+04  1.72e+02 -1.00e+05
2010 04 13  0120   55299   4800   1.30e+01  4.60e-01  2.97e-01  1.63e-01  1.12e-01  7.88e-02  9.81e+04  1.83e+02 -1.00e+05
2010 04 13  0125   55299   5100   8.49e+00  2.66e-01  2.18e-01  1.64e-01  1.54e-01  5.87e-02  9.68e+04  1.66e+02 -1.00e+05
2010 04 13  0130   55299   5400   6.82e+00  1.73e-01  1.40e-01  8.83e-02  7.79e-02  5.27e-02  9.56e+04  1.80e+02 -1.00e+05
2010 04 13  0135   55299   5700   7.85e+00  3.77e-01  3.44e-01  1.20e-01  9.27e-02  5.34e-02  9.49e+04  1.79e+02 -1.00e+05
2010 04 13  0140   55299   6000   7.26e+00  2.33e-01  2.00e-01  1.47e-01  9.96e-02  6.36e-02  9.49e+04  1.74e+02 -1.00e+05
2010 04 13  0145   55299   6300   6.94e+00  1.62e-01  1.29e-01  7.70e-02  5.42e-02  2.55e-02  9.47e+04  1.95e+02 -1.00e+05
2010 04 13  0150   55299   6600   6.81e+00  3.89e-01  3.56e-01  3.02e-01  2.07e-01  6.30e-02  9.35e+04  1.62e+02 -1.00e+05
2010 04 13  0155   55299   6900   8.56e+00  3.10e-01  2.42e-01  1.84e-01  1.54e-01  7.16e-02  9.47e+04  1.93e+02 -1.00e+05
2010 04 13  0200   55299   7200   7.15e+00  2.10e-01  1.77e-01  1.25e-01  9.90e-02  6.72e-02  9.40e+04  1.73e+02 -1.00e+05
2010 04 13  0205   55299   7500   9.39e+00  3.48e-01  2.21e-01  1.51e-01  1.05e-01  6.91e-02  9.13e+04  1.92e+02 -1.00e+05
2010 04 13  0210   55299   7800   1.29e+01  8.63e-01  4.26e-01  1.63e-01  8.85e-02  3.25e-02  8.99e+04  1.76e+02 -1.00e+05
2010 04 13  0215   55299   8100   6.47e+00  2.62e-01  2.09e-01  1.01e-01  8.48e-02  5.81e-02  8.92e+04  1.72e+02 -1.00e+05
2010 04 13  0220   55299   8400   7.63e+00  3.17e-01  1.88e-01  1.18e-01  7.32e-02  3.97e-02  8.78e+04  1.49e+02 -1.00e+05
2010 04 13  0225   55299   8700   4.88e+00  1.99e-01  1.66e-01  8.96e-02  7.92e-02  5.40e-02  8.79e+04  1.70e+02 -1.00e+05
2010 04 13  0230   55299   9000   5.99e+00  2.46e-01  1.90e-01  6.11e-02  5.07e-02  2.55e-02  8.64e+04  1.81e+02 -1.00e+05
2010 04 13  0235   55299   9300   6.35e+00  3.20e-01  2.76e-01  1.97e-01  1.86e-01  8.95e-02  8.57e+04  1.63e+02 -1.00e+05
2010 04 13  0240   55299   9600   5.08e+00  1.83e-01  1.50e-01  6.11e-02  5.07e-02  2.55e-02  8.46e+04  1.71e+02 -1.00e+05
2010 04 13  0245   55299   9900   1.07e+01  6.81e-01  3.10e-01  1.23e-01  9.85e-02  6.91e-02  8.46e+04  1.74e+02 -1.00e+05
2010 04 13  0250   55299  10200   5.32e+00  2.73e-01  2.40e-01  1.88e-01  1.60e-01  6.85e-02  8.25e+04  1.48e+02 -1.00e+05
2010 04 13  0255   55299  10500   5.63e+00  2.10e-01  1.77e-01  1.26e-01  1.16e-01  4.64e-02  8.20e+04  1.57e+02 -1.00e+05
2010 04 13  0300   55299  10800   4.88e+00  2.18e-01  1.62e-01  1.05e-01  5.90e-02  2.55e-02  8.36e+04  1.53e+02 -1.00e+05
2010 04 13  0305   55299  11100   4.41e+00  1.85e-01  1.52e-01  6.40e-02  5.13e-02  2.55e-02  8.02e+04  1.52e+02 -1.00e+05
2010 04 13  0310   55299  11400   4.11e+00  5.00e-01  4.56e-01  3.23e-01  2.00e-01  6.02e-02  8.04e+04  1.65e+02 -1.00e+05
2010 04 13  0315   55299  11700   4.88e+00  2.27e-01  1.71e-01  6.63e-02  5.59e-02  3.08e-02  7.87e+04  1.62e+02 -1.00e+05
2010 04 13  0320   55299  12000   3.71e+00  2.10e-01  1.77e-01  1.26e-01  1.16e-01  4.64e-02  7.62e+04  1.46e+02 -1.00e+05
2010 04 13  0325   55299  12300   3.54e+00  3.31e-01  2.98e-01  2.45e-01  2.12e-01  1.13e-01  7.42e+04  1.44e+02 -1.00e+05
2010 04 13  0330   55299  12600   3.07e+00  2.27e-01  1.94e-01  1.42e-01  1.07e-01  4.15e-02  7.30e+04  1.50e+02 -1.00e+05
2010 04 13  0335   55299  12900   3.35e+00  2.85e-01  2.52e-01  2.00e-01  1.66e-01  6.02e-02  7.34e+04  1.43e+02 -1.00e+05
2010 04 13  0340   55299  13200   3.45e+00  2.29e-01  1.96e-01  1.31e-01  1.21e-01  7.39e-02  7.18e+04  1.46e+02 -1.00e+05
2010 04 13  0345   55299  13500   4.01e+00  3.24e-01  2.91e-01  2.37e-01  1.42e-01  5.23e-02  7.18e+04  1.46e+02 -1.00e+05
2010 04 13  0350   55299  13800   4.34e+00  2.76e-01  2.26e-01  1.71e-01  1.61e-01  6.81e-02  7.25e+04  1.40e+02 -1.00e+05
2010 04 13  0355   55299  14100   3.09e+00  2.06e-01  1.73e-01  8.80e-02  7.76e-02  4.89e-02  7.15e+04  1.54e+02 -1.00e+05
2010 04 13  0400   55299  14400   4.31e+00  3.20e-01  1.95e-01  1.27e-01  1.04e-01  7.50e-02  7.14e+04  1.46e+02 -1.00e+05
2010 04 13  0405   55299  14700   3.36e+00  2.17e-01  1.84e-01  1.14e-01  1.04e-01  7.87e-02  7.14e+04  1.31e+02 -1.00e+05
2010 04 13  0410   55299  15000   3.23e+00  2.00e-01  1.67e-01  1.16e-01  1.05e-01  8.00e-02  7.12e+04  1.42e+02 -1.00e+05
2010 04 13  0415   55299  15300   3.32e+00  1.71e-01  1.38e-01  8.66e-02  7.62e-02  4.34e-02  7.16e+04  1.56e+02 -1.00e+05
2010 04 13  0420   55299  15600   3.16e+00  2.37e-01  2.04e-01  1.13e-01  5.91e-02  2.55e-02  7.04e+04  1.43e+02 -1.00e+05
2010 04 13  0425   55299  15900   3.19e+00  1.91e-01  1.58e-01  7.18e-02  6.14e-02  3.63e-02  7.01e+04  1.46e+02 -1.00e+05
2010 04 13  0430   55299  16200   3.52e+00  2.79e-01  1.53e-01  8.46e-02  7.42e-02  4.90e-02  6.88e+04  1.38e+02 -1.00e+05
2010 04 13  0435   55299  16500   3.59e+00  3.43e-01  3.10e-01  2.55e-01  1.62e-01  8.10e-02  6.89e+04  1.49e+02 -1.00e+05
2010 04 13  0440   55299  16800   3.26e+00  5.30e-01  4.97e-01  1.66e-01  1.14e-01  8.00e-02  6.74e+04  1.52e+02 -1.00e+05
2010 04 13  0445   55299  17100   4.25e+00  3.28e-01  1.98e-01  6.11e-02  5.07e-02  2.55e-02  6.63e+04  1.52e+02 -1.00e+05
2010 04 13  0450   55299  17400   2.64e+00  2.39e-01  2.06e-01  1.55e-01  1.44e-01  7.29e-02  6.59e+04  1.39e+02 -1.00e+05
2010 04 13  0455   55299  17700   2.56e+00  2.57e-01  2.24e-01  8.96e-02  7.92e-02  5.40e-02  6.54e+04  1.46e+02 -1.00e+05
2010 04 13  0500   55299  18000   2.63e+00  1.45e-01  1.13e-01  6.11e-02  5.07e-02  2.55e-02  6.53e+04  1.39e+02 -1.00e+05
2010 04 13  0505   55299  18300   4.23e+00  3.70e-01  2.33e-01  1.14e-01  1.03e-01  5.34e-02  6.51e+04  1.44e+02 -1.00e+05
2010 04 13  0510   55299  18600   5.94e+00  4.15e-01  1.69e-01  1.14e-01  9.07e-02  3.72e-02  6.53e+04  1.51e+02 -1.00e+05
2010 04 13  0515   55299  18900   2.41e+00  3.40e-01  3.07e-01  1.05e-01  5.90e-02  2.55e-02  6.51e+04  1.33e+02 -1.00e+05
2010 04 13  0520   55299  19200   3.01e+00  2.49e-01  2.16e-01  1.64e-01  1.54e-01  5.87e-02  6.31e+04  1.41e+02 -1.00e+05
2010 04 13  0525   55299  19500   3.38e+00  3.28e-01  2.91e-01  2.22e-01  1.77e-01  6.30e-02  6.18e+04  1.42e+02 -1.00e+05
2010 04 13  0530   55299  19800   2.93e+00  1.62e-01  1.29e-01  7.73e-02  6.69e-02  4.17e-02  6.04e+04  1.42e+02 -1.00e+05
2010 04 13  0535   55299  20100   3.01e+00  2.07e-01  1.53e-01  9.76e-02  7.99e-02  5.27e-02  6.02e+04  1.37e+02 -1.00e+05
2010 04 13  0540   55299  20400   5.11e+00  4.71e-01  2.52e-01  1.97e-01  1.86e-01  8.95e-02  5.98e+04  1.36e+02 -1.00e+05
2010 04 13  0545   55299  20700   2.07e+00  1.91e-01  1.58e-01  1.05e-01  5.90e-02  2.55e-02  5.98e+04  1.42e+02 -1.00e+05
2010 04 13  0550   55299  21000   2.74e+00  2.51e-01  1.99e-01  1.43e-01  9.47e-02  5.86e-02  5.89e+04  1.32e+02 -1.00e+05
2010 04 13  0555   55299  21300   2.94e+00  1.77e-01  1.44e-01  9.20e-02  5.76e-02  2.55e-02  5.86e+04  1.35e+02 -1.00e+05
2010 04 13  0600   55299  21600   1.99e+00  1.54e-01  1.21e-01  7.00e-02  5.96e-02  3.44e-02  5.74e+04  1.31e+02 -1.00e+05
2010 04 13  0605   55299  21900   4.63e+00  4.68e-01  1.94e-01  9.20e-02  5.76e-02  2.55e-02  6.00e+04  1.38e+02 -1.00e+05
2010 04 13  0610   55299  22200   2.87e+00  2.96e-01  2.16e-01  1.55e-01  1.21e-01  4.58e-02  5.78e+04  1.26e+02 -1.00e+05
2010 04 13  0615   55299  22500   2.29e+00  3.99e-01  3.66e-01  1.05e-01  5.90e-02  2.55e-02  5.54e+04  1.23e+02 -1.00e+05
2010 04 13  0620   55299  22800   2.38e+00  2.91e-01  2.58e-01  2.06e-01  1.69e-01  8.68e-02  5.45e+04  1.04e+02 -1.00e+05
2010 04 13  0625   55299  23100   1.66e+00  4.60e-01  4.27e-01  1.67e-01  1.31e-01  7.86e-02  5.21e+04  1.12e+02 -1.00e+05
2010 04 13  0630   55299  23400   1.84e+00  1.80e-01  1.47e-01  9.46e-02  6.10e-02  2.91e-02  5.25e+04  1.20e+02 -1.00e+05
2010 04 13  0635   55299  23700   1.89e+00  3.03e-01  1.77e-01  1.09e-01  9.86e-02  7.34e-02  5.15e+04  1.19e+02 -1.00e+05
2010 04 13  0640   55299  24000   1.72e+00  3.29e-01  2.01e-01  8.28e-02  7.23e-02  4.72e-02  4.98e+04  1.07e+02 -1.00e+05
2010 04 13  0645   55299  24300   1.09e+00  1.77e-01  1.44e-01  9.20e-02  5.76e-02  2.55e-02  4.98e+04  1.09e+02 -1.00e+05
2010 04 13  0650   55299  24600   1.02e+00  1.92e-01  1.59e-01  1.06e-01  6.08e-02  2.55e-02  4.85e+04  1.14e+02 -1.00e+05
2010 04 13  0655   55299  24900   1.09e+00  3.10e-01  2.77e-01  1.27e-01  1.16e-01  4.64e-02  4.73e+04  1.08e+02 -1.00e+05
2010 04 13  0700   55299  25200   1.61e+00  4.63e-01  3.56e-01  2.88e-01  1.60e-01  4.22e-02  4.40e+04  1.01e+02 -1.00e+05
2010 04 13  0705   55299  25500   6.30e-01  2.69e-01  1.52e-01  8.56e-02  7.52e-02  3.94e-02  3.78e+04  9.85e+01 -1.00e+05
2010 04 13  0710   55299  25800   6.50e-01  2.26e-01  1.93e-01  1.16e-01  1.05e-01  8.00e-02  4.10e+04  1.02e+02 -1.00e+05
2010 04 13  0715   55299  26100   1.12e+00  2.07e-01  1.74e-01  8.82e-02  7.78e-02  5.27e-02  4.17e+04  1.06e+02 -1.00e+05
2010 04 13  0720   55299  26400   8.10e-01  2.57e-01  2.08e-01  1.54e-01  1.44e-01  5.65e-02  4.13e+04  1.03e+02 -1.00e+05
2010 04 13  0725   55299  26700   9.34e-01  3.36e-01  2.08e-01  1.04e-01  7.28e-02  4.17e-02  4.29e+04  9.53e+01 -1.00e+05
2010 04 13  0730   55299  27000   1.07e+00  1.91e-01  1.54e-01  1.01e-01  7.73e-02  3.29e-02  4.28e+04  1.01e+02 -1.00e+05
2010 04 13  0735   55299  27300   2.01e+00  4.82e-01  3.83e-01  1.80e-01  1.31e-01  6.99e-02  4.68e+04  1.08e+02 -1.00e+05
2010 04 13  0740   55299  27600   1.91e+00  2.31e-01  1.57e-01  9.87e-02  8.83e-02  2.55e-02  5.05e+04  1.18e+02 -1.00e+05
2010 04 13  0745   55299  27900   1.04e+00  2.55e-01  2.07e-01  1.53e-01  1.42e-01  1.17e-01  4.73e+04  1.07e+02 -1.00e+05
2010 04 13  0750   55299  28200   1.43e+00  2.33e-01  2.00e-01  9.36e-02  7.48e-02  4.72e-02  4.78e+04  1.02e+02 -1.00e+05
2010 04 13  0755   55299  28500   1.35e+00  2.02e-01  1.69e-01  6.11e-02  5.07e-02  2.55e-02  4.73e+04  1.13e+02 -1.00e+05
2010 04 13  0800   55299  28800   1.56e+00  1.86e-01  1.53e-01  6.40e-02  5.13e-02  2.55e-02  5.12e+04  1.18e+02 -1.00e+05
2010 04 13  0805   55299  29100   1.64e+00  2.33e-01  2.00e-01  1.01e-01  9.05e-02  6.53e-02  5.29e+04  1.21e+02 -1.00e+05
2010 04 13  0810   55299  29400   1.58e+00  2.20e-01  1.87e-01  6.20e-02  5.09e-02  2.55e-02  5.41e+04  1.34e+02 -1.00e+05
2010 04 13  0815   55299  29700   1.14e+00  1.91e-01  1.58e-01  1.05e-01  5.90e-02  2.55e-02  5.26e+04  1.30e+02 -1.00e+05
2010 04 13  0820   55299  30000   1.19e+00  2.18e-01  1.85e-01  1.14e-01  1.04e-01  7.88e-02  5.28e+04  1.15e+02 -1.00e+05
2010 04 13  0825   55299  30300   1.33e+00  2.39e-01  2.06e-01  9.25e-02  8.21e-02  5.69e-02  5.56e+04  1.24e+02 -1.00e+05
2010 04 13  0830   55299  30600   1.73e+00  2.25e-01  1.92e-01  1.23e-01  1.08e-01  8.19e-02  5.66e+04  1.27e+02 -1.00e+05
2010 04 13  0835   55299  30900   1.62e+00  1.45e-01  1.13e-01  6.11e-02  5.07e-02  2.55e-02  5.46e+04  1.34e+02 -1.00e+05
2010 04 13  0840   55299  31200   1.05e+00  2.79e-01  2.46e-01  1.95e-01  1.71e-01  6.30e-02  5.06e+04  1.33e+02 -1.00e+05
2010 04 13  0845   55299  31500   1.42e+00  3.02e-01  1.76e-01  1.21e-01  9.71e-02  2.55e-02  4.84e+04  1.12e+02 -1.00e+05
2010 04 13  0850   55299  31800   1.26e+00  1.45e-01  1.13e-01  6.11e-02  5.07e-02  2.55e-02  4.95e+04  1.23e+02 -1.00e+05
2010 04 13  0855   55299  32100   1.29e+00  3.51e-01  1.71e-01  1.16e-01  1.05e-01  8.03e-02  5.21e+04  1.29e+02 -1.00e+05
2010 04 13  0900   55299  32400   1.93e+00  4.74e-01  4.41e-01  2.19e-01  1.43e-01  9.58e-02  5.27e+04  1.21e+02 -1.00e+05
2010 04 13  0905   55299  32700   1.31e+00  1.45e-01  1.13e-01  6.11e-02  5.07e-02  2.55e-02  5.55e+04  1.37e+02 -1.00e+05
2010 04 13  0910   55299  33000   1.67e+00  3.27e-01  2.77e-01  1.37e-01  1.06e-01  7.47e-02  5.90e+04  1.45e+02 -1.00e+05
2010 04 13  0915   55299  33300   2.37e+00  4.66e-01  2.26e-01  1.05e-01  9.42e-02  6.91e-02  6.07e+04  1.52e+02 -1.00e+05
2010 04 13  0920   55299  33600   3.04e+00  5.24e-01  3.63e-01  1.91e-01  1.81e-01  9.49e-02  6.11e+04  1.39e+02 -1.00e+05
2010 04 13  0925   55299  33900   1.88e+00  2.07e-01  1.54e-01  9.92e-02  8.88e-02  6.36e-02  6.17e+04  1.51e+02 -1.00e+05
2010 04 13  0930   55299  34200   3.33e+00  4.70e-01  2.31e-01  1.10e-01  9.97e-02  7.46e-02  6.14e+04  1.48e+02 -1.00e+05
2010 04 13  0935   55299  34500   2.75e+00  3.13e-01  1.30e-01  7.53e-02  6.49e-02  3.97e-02  6.08e+04  1.46e+02 -1.00e+05
2010 04 13  0940   55299  34800   1.74e+00  1.73e-01  1.40e-01  8.82e-02  7.78e-02  5.27e-02  6.10e+04  1.56e+02 -1.00e+05
2010 04 13  0945   55299  35100   1.73e+00  3.40e-01  2.14e-01  1.21e-01  1.11e-01  8.55e-02  5.82e+04  1.42e+02 -1.00e+05
2010 04 13  0950   55299  35400   1.20e+00  1.66e-01  1.33e-01  8.08e-02  5.92e-02  3.08e-02  5.97e+04  1.45e+02 -1.00e+05
2010 04 13  0955   55299  35700   1.69e+00  3.27e-01  2.94e-01  9.73e-02  8.69e-02  3.72e-02  5.95e+04  1.53e+02 -1.00e+05
2010 04 13  1000   55299  36000   3.27e+00  5.27e-01  3.52e-01  2.95e-01  1.98e-01  7.22e-02  5.80e+04  1.46e+02 -1.00e+05
2010 04 13  1005   55299  36300   1.28e+00  1.91e-01  1.58e-01  1.05e-01  5.90e-02  2.55e-02  6.04e+04  1.48e+02 -1.00e+05
2010 04 13  1010   55299  36600   1.90e+00  1.97e-01  1.64e-01  1.12e-01  1.02e-01  7.67e-02  6.20e+04  1.57e+02 -1.00e+05
2010 04 13  1015   55299  36900   2.32e+00  3.40e-01  1.83e-01  1.26e-01  6.92e-02  2.79e-02  6.29e+04  1.55e+02 -1.00e+05
2010 04 13  1020   55299  37200   3.40e+00  3.64e-01  2.09e-01  1.53e-01  1.32e-01  5.80e-02  6.44e+04  1.58e+02 -1.00e+05
2010 04 13  1025   55299  37500   2.12e+00  2.32e-01  1.99e-01  1.46e-01  8.88e-02  3.67e-02  6.64e+04  1.69e+02 -1.00e+05
2010 04 13  1030   55299  37800   3.15e+00  4.35e-01  3.02e-01  2.45e-01  1.37e-01  2.55e-02  6.66e+04  1.63e+02 -1.00e+05
2010 04 13  1035   55299  38100   2.55e+00  2.73e-01  1.48e-01  9.20e-02  5.76e-02  2.55e-02  6.65e+04  1.60e+02 -1.00e+05
2010 04 13  1040   55299  38400   1.96e+00  3.09e-01  2.76e-01  9.20e-02  5.76e-02  2.55e-02  6.64e+04  1.72e+02 -1.00e+05
2010 04 13  1045   55299  38700   2.00e+00  3.06e-01  2.39e-01  1.40e-01  1.30e-01  5.10e-02  6.58e+04  1.68e+02 -1.00e+05
2010 04 13  1050   55299  39000   2.65e+00  4.18e-01  3.66e-01  1.49e-01  1.01e-01  6.79e-02  6.56e+04  1.54e+02 -1.00e+05
2010 04 13  1055   55299  39300   1.44e+00  1.83e-01  1.50e-01  6.11e-02  5.07e-02  2.55e-02  6.56e+04  1.79e+02 -1.00e+05
2010 04 13  1100   55299  39600   1.90e+00  1.93e-01  1.60e-01  1.07e-01  6.10e-02  2.55e-02  6.47e+04  1.63e+02 -1.00e+05
2010 04 13  1105   55299  39900   2.12e+00  4.20e-01  3.87e-01  1.56e-01  1.10e-01  4.15e-02  6.32e+04  1.56e+02 -1.00e+05
2010 04 13  1110   55299  40200   1.55e+00  1.91e-01  1.58e-01  1.07e-01  9.65e-02  7.13e-02  6.32e+04  1.49e+02 -1.00e+05
2010 04 13  1115   55299  40500   3.99e+00  4.63e-01  1.82e-01  1.27e-01  1.17e-01  9.16e-02  6.37e+04  1.63e+02 -1.00e+05
2010 04 13  1120   55299  40800   1.75e+00  1.95e-01  1.62e-01  1.11e-01  1.00e-01  4.15e-02  6.49e+04  1.64e+02 -1.00e+05
2010 04 13  1125   55299  41100   1.80e+00  1.48e-01  1.15e-01  6.40e-02  5.13e-02  2.55e-02  6.64e+04  1.65e+02 -1.00e+05
2010 04 13  1130   55299  41400   5.14e+00  5.34e-01  1.63e-01  1.07e-01  6.10e-02  2.55e-02  6.73e+04  1.84e+02 -1.00e+05
2010 04 13  1135   55299  41700   5.59e+00  6.48e-01  3.78e-01  3.20e-01  2.25e-01  1.05e-01  6.91e+04  1.67e+02 -1.00e+05
2010 04 13  1140   55299  42000   2.21e+00  1.99e-01  1.66e-01  1.13e-01  5.91e-02  2.55e-02  6.99e+04  1.84e+02 -1.00e+05
2010 04 13  1145   55299  42300   1.96e+00  2.61e-01  2.28e-01  1.21e-01  1.11e-01  8.55e-02  7.00e+04  1.78e+02 -1.00e+05
2010 04 13  1150   55299  42600   2.08e+00  1.91e-01  1.58e-01  1.05e-01  5.90e-02  2.55e-02  7.05e+04  1.70e+02 -1.00e+05
2010 04 13  1155   55299  42900   2.08e+00  2.97e-01  2.64e-01  1.86e-01  1.76e-01  7.68e-02  7.08e+04  1.78e+02 -1.00e+05
2010 04 13  1200   55299  43200   1.66e+00  2.19e-01  1.63e-01  1.06e-01  6.08e-02  2.55e-02  7.10e+04  1.81e+02 -1.00e+05
2010 04 13  1205   55299  43500   2.45e+00  1.73e-01  1.40e-01  8.82e-02  7.78e-02  5.27e-02  7.19e+04  1.87e+02 -1.00e+05
2010 04 13  1210   55299  43800   2.39e+00  2.09e-01  1.76e-01  1.23e-01  9.18e-02  6.05e-02  7.15e+04  1.63e+02 -1.00e+05
2010 04 13  1215   55299  44100   2.80e+00  2.79e-01  2.46e-01  1.93e-01  1.44e-01  7.42e-02  7.14e+04  1.92e+02 -1.00e+05
2010 04 13  1220   55299  44400   2.52e+00  4.97e-01  4.64e-01  1.18e-01  5.91e-02  2.55e-02  7.16e+04  1.77e+02 -1.00e+05
2010 04 13  1225   55299  44700   1.65e+00  1.97e-01  1.64e-01  1.13e-01  1.01e-01  4.18e-02  7.30e+04  1.88e+02 -1.00e+05
2010 04 13  1230   55299  45000   2.57e+00  2.44e-01  1.89e-01  9.58e-02  6.26e-02  3.08e-02  7.32e+04  1.83e+02 -1.00e+05
2010 04 13  1235   55299  45300   2.58e+00  3.87e-01  3.54e-01  1.35e-01  8.67e-02  5.07e-02  7.31e+04  1.79e+02 -1.00e+05
2010 04 13  1240   55299  45600   4.91e+00  6.37e-01  2.61e-01  7.70e-02  5.42e-02  2.55e-02  7.32e+04  1.92e+02 -1.00e+05
2010 04 13  1245   55299  45900   3.89e+00  2.77e-01  1.16e-01  6.11e-02  5.07e-02  2.55e-02  7.27e+04  1.95e+02 -1.00e+05
2010 04 13  1250   55299  46200   2.67e+00  1.78e-01  1.45e-01  9.37e-02  8.33e-02  5.81e-02  7.34e+04  1.83e+02 -1.00e+05
2010 04 13  1255   55299  46500   4.29e+00  4.12e-01  2.54e-01  1.10e-01  6.43e-02  3.08e-02  7.48e+04  1.97e+02 -1.00e+05
2010 04 13  1300   55299  46800   5.74e+00  7.19e-01  1.89e-01  6.11e-02  5.07e-02  2.55e-02  7.39e+04  1.86e+02 -1.00e+05
2010 04 13  1305   55299  47100   3.03e+00  2.21e-01  1.89e-01  1.10e-01  9.97e-02  7.46e-02  7.54e+04  1.87e+02 -1.00e+05
2010 04 13  1310   55299  47400   3.99e+00  4.55e-01  3.65e-01  3.01e-01  2.08e-01  8.30e-02  7.66e+04  2.02e+02 -1.00e+05
2010 04 13  1315   55299  47700   2.89e+00  1.63e-01  1.30e-01  7.80e-02  5.45e-02  2.55e-02  7.66e+04  1.82e+02 -1.00e+05
2010 04 13  1320   55299  48000   2.38e+00  2.47e-01  2.14e-01  1.26e-01  1.16e-01  4.64e-02  7.86e+04  1.85e+02 -1.00e+05
2010 04 13  1325   55299  48300   2.47e+00  1.91e-01  1.58e-01  1.07e-01  9.66e-02  7.14e-02  7.95e+04  1.88e+02 -1.00e+05
2010 04 13  1330   55299  48600   3.44e+00  4.19e-01  3.86e-01  3.32e-01  2.25e-01  7.11e-02  7.95e+04  2.01e+02 -1.00e+05
2010 04 13  1335   55299  48900   3.73e+00  1.66e-01  1.33e-01  8.17e-02  7.13e-02  4.61e-02  8.00e+04  2.06e+02 -1.00e+05
2010 04 13  1340   55299  49200   3.63e+00  3.04e-01  2.71e-01  1.41e-01  1.18e-01  4.96e-02  8.05e+04  2.09e+02 -1.00e+05
2010 04 13  1345   55299  49500   3.73e+00  1.83e-01  1.50e-01  6.11e-02  5.07e-02  2.55e-02  8.23e+04  2.03e+02 -1.00e+05
2010 04 13  1350   55299  49800   3.69e+00  2.87e-01  2.54e-01  1.32e-01  8.38e-02  5.03e-02  8.41e+04  2.16e+02 -1.00e+05
2010 04 13  1355   55299  50100   3.99e+00  1.95e-01  1.62e-01  1.10e-01  9.97e-02  7.46e-02  8.46e+04  2.15e+02 -1.00e+05
2010 04 13  1400   55299  50400   4.44e+00  1.79e-01  1.46e-01  6.63e-02  5.59e-02  3.08e-02  8.46e+04  2.27e+02 -1.00e+05
2010 04 13  1405   55299  50700   3.94e+00  2.22e-01  1.89e-01  1.38e-01  1.20e-01  6.41e-02  8.50e+04  2.24e+02 -1.00e+05
2010 04 13  1410   55299  51000   4.08e+00  3.26e-01  2.93e-01  1.70e-01  1.60e-01  8.28e-02  8.53e+04  2.12e+02 -1.00e+05
2010 04 13  1415   55299  51300   3.93e+00  2.83e-01  2.50e-01  1.67e-01  1.57e-01  6.86e-02  8.58e+04  2.30e+02 -1.00e+05
2010 04 13  1420   55299  51600   7.45e+00  3.95e-01  2.37e-01  9.20e-02  5.76e-02  2.55e-02  8.90e+04  2.18e+02 -1.00e+05
2010 04 13  1425   55299  51900   4.93e+00  5.91e-01  5.58e-01  1.56e-01  8.81e-02  4.73e-02  8.97e+04  2.26e+02 -1.00e+05
2010 04 13  1430   55299  52200   7.75e+00  4.50e-01  2.86e-01  2.29e-01  1.83e-01  6.48e-02  8.97e+04  2.36e+02 -1.00e+05
2010 04 13  1435   55299  52500   8.73e+00  4.65e-01  2.68e-01  2.13e-01  2.02e-01  1.11e-01  8.97e+04  2.34e+02 -1.00e+05
2010 04 13  1440   55299  52800   5.59e+00  3.20e-01  2.53e-01  1.94e-01  1.52e-01  6.49e-02  9.03e+04  2.46e+02 -1.00e+05
2010 04 13  1445   55299  53100   1.14e+01  4.58e-01  1.67e-01  1.12e-01  1.02e-01  5.91e-02  8.97e+04  2.41e+02 -1.00e+05
2010 04 13  1450   55299  53400   1.08e+01  7.59e-01  3.72e-01  9.95e-02  8.90e-02  2.55e-02  8.99e+04  2.29e+02 -1.00e+05
2010 04 13  1455   55299  53700   5.16e+00  2.31e-01  1.98e-01  1.45e-01  9.71e-02  6.09e-02  8.97e+04  2.62e+02 -1.00e+05
2010 04 13  1500   55299  54000   5.06e+00  3.13e-01  2.80e-01  1.43e-01  1.23e-01  9.47e-02  9.12e+04  2.54e+02 -1.00e+05
2010 04 13  1505   55299  54300   7.57e+00  3.63e-01  2.05e-01  6.11e-02  5.07e-02  2.55e-02  9.49e+04  2.71e+02 -1.00e+05
2010 04 13  1510   55299  54600   1.02e+01  6.15e-01  2.23e-01  9.92e-02  8.88e-02  6.36e-02  9.49e+04  2.69e+02 -1.00e+05
2010 04 13  1515   55299  54900   5.16e+00  3.50e-01  3.17e-01  9.20e-02  5.76e-02  2.55e-02  9.49e+04  2.41e+02 -1.00e+05
2010 04 13  1520   55299  55200   8.26e+00  2.91e-01  1.66e-01  1.10e-01  6.57e-02  3.08e-02  9.49e+04  2.59e+02 -1.00e+05
2010 04 13  1525   55299  55500   5.85e+00  1.96e-01  1.63e-01  7.73e-02  6.69e-02  4.17e-02  9.49e+04  2.70e+02 -1.00e+05
2010 04 13  1530   55299  55800   8.31e+00  4.61e-01  3.33e-01  1.06e-01  7.59e-02  4.50e-02  9.61e+04  2.60e+02 -1.00e+05
2010 04 13  1535   55299  56100   7.14e+00  3.16e-01  2.38e-01  1.79e-01  1.68e-01  6.68e-02  9.70e+04  2.64e+02 -1.00e+05
2010 04 13  1540   55299  56400   1.49e+01  5.39e-01  1.61e-01  1.07e-01  9.67e-02  6.40e-02  9.88e+04  2.69e+02 -1.00e+05
2010 04 13  1545   55299  56700   1.06e+01  5.00e-01  3.02e-01  9.20e-02  5.76e-02  2.55e-02  1.00e+05  2.82e+02 -1.00e+05
2010 04 13  1550   55299  57000   6.69e+00  1.81e-01  1.48e-01  9.58e-02  6.26e-02  3.08e-02  1.00e+05  2.67e+02 -1.00e+05
2010 04 13  1555   55299  57300   6.34e+00  2.60e-01  2.27e-01  1.74e-01  1.06e-01  3.72e-02  1.00e+05  2.76e+02 -1.00e+05
2010 04 13  1600   55299  57600   6.97e+00  3.00e-01  2.67e-01  2.16e-01  2.05e-01  1.16e-01  1.03e+05  2.90e+02 -1.00e+05
2010 04 13  1605   55299  57900   1.22e+01  4.03e-01  2.22e-01  1.66e-01  1.46e-01  6.49e-02  1.04e+05  2.94e+02 -1.00e+05
2010 04 13  1610   55299  58200   6.50e+00  1.78e-01  1.45e-01  9.37e-02  8.33e-02  5.81e-02  1.03e+05  2.86e+02 -1.00e+05
2010 04 13  1615   55299  58500   6.95e+00  1.95e-01  1.62e-01  1.10e-01  9.97e-02  7.46e-02  1.04e+05  2.93e+02 -1.00e+05
2010 04 13  1620   55299  58800   1.28e+01  6.97e-01  3.52e-01  1.24e-01  9.52e-02  5.33e-02  1.05e+05  2.78e+02 -1.00e+05
2010 04 13  1625   55299  59100   6.66e+00  2.32e-01  1.99e-01  1.46e-01  9.45e-02  5.73e-02  1.05e+05  2.77e+02 -1.00e+05
2010 04 13  1630   55299  59400   1.33e+01  4.32e-01  2.33e-01  1.78e-01  1.68e-01  7.92e-02  1.05e+05  2.85e+02 -1.00e+05
2010 04 13  1635   55299  59700   6.84e+00  1.45e-01  1.13e-01  6.11e-02  5.07e-02  2.55e-02  1.08e+05  3.06e+02 -1.00e+05
2010 04 13  1640   55299  60000   1.04e+01  3.62e-01  2.72e-01  2.08e-01  1.26e-01  4.18e-02  1.07e+05  3.00e+02 -1.00e+05
2010 04 13  1645   55299  60300   7.18e+00  2.06e-01  1.73e-01  9.68e-02  8.64e-02  6.12e-02  1.09e+05  2.98e+02 -1.00e+05
2010 04 13  1650   55299  60600   6.86e+00  1.91e-01  1.58e-01  1.05e-01  5.90e-02  2.55e-02  1.10e+05  2.99e+02 -1.00e+05
2010 04 13  1655   55299  60900   7.30e+00  2.23e-01  1.90e-01  1.37e-01  8.91e-02  5.56e-02  1.10e+05  3.00e+02 -1.00e+05
2010 04 13  1700   55299  61200   7.33e+00  2.35e-01  2.02e-01  1.51e-01  1.40e-01  5.44e-02  1.11e+05  3.16e+02 -1.00e+05
2010 04 13  1705   55299  61500   7.69e+00  1.45e-01  1.13e-01  6.11e-02  5.07e-02  2.55e-02  1.11e+05  3.01e+02 -1.00e+05
2010 04 13  1710   55299  61800   1.40e+01  3.21e-01  1.62e-01  1.07e-01  9.66e-02  7.15e-02  1.15e+05  3.07e+02 -1.00e+05
2010 04 13  1715   55299  62100   9.35e+00  2.84e-01  2.32e-01  1.74e-01  1.08e-01  7.46e-02  1.15e+05  3.17e+02 -1.00e+05
2010 04 13  1720   55299  62400   8.88e+00  1.62e-01  1.29e-01  7.73e-02  6.69e-02  4.17e-02  1.18e+05  3.14e+02 -1.00e+05
2010 04 13  1725   55299  62700   9.82e+00  3.37e-01  3.04e-01  1.39e-01  1.03e-01  6.94e-02  1.21e+05  3.29e+02 -1.00e+05
2010 04 13  1730   55299  63000   1.48e+01  4.16e-01  2.77e-01  2.20e-01  1.41e-01  5.63e-02  1.21e+05  3.23e+02 -1.00e+05
2010 04 13  1735   55299  63300   1.80e+01  6.81e-01  3.90e-01  1.40e-01  1.21e-01  9.38e-02  1.23e+05  3.20e+02 -1.00e+05
2010 04 13  1740   55299  63600   1.30e+01  1.72e-01  1.17e-01  6.11e-02  5.07e-02  2.55e-02  1.24e+05  3.41e+02 -1.00e+05
2010 04 13  1745   55299  63900   1.64e+01  2.60e-01  1.30e-01  6.11e-02  5.07e-02  2.55e-02  1.24e+05  3.36e+02 -1.00e+05
2010 04 13  1750   55299  64200   1.00e+01  1.96e-01  1.63e-01  1.12e-01  1.01e-01  4.18e-02  1.24e+05  3.32e+02 -1.00e+05
2010 04 13  1755   55299  64500   1.02e+01  2.40e-01  2.07e-01  8.82e-02  7.78e-02  5.27e-02  1.24e+05  3.30e+02 -1.00e+05
2010 04 13  1800   55299  64800   1.06e+01  2.43e-01  2.10e-01  1.59e-01  1.48e-01  8.44e-02  1.25e+05  3.43e+02 -1.00e+05
2010 04 13  1805   55299  65100   1.12e+01  1.46e-01  1.13e-01  6.20e-02  5.09e-02  2.55e-02  1.25e+05  3.21e+02 -1.00e+05
2010 04 13  1810   55299  65400   1.23e+01  2.50e-01  1.94e-01  6.63e-02  5.59e-02  3.08e-02  1.25e+05  3.33e+02 -1.00e+05
2010 04 13  1815   55299  65700   1.12e+01  1.92e-01  1.59e-01  1.06e-01  6.08e-02  2.55e-02  1.25e+05  3.36e+02 -1.00e+05
2010 04 13  1820   55299  66000   1.06e+01  2.86e-01  2.53e-01  1.28e-01  6.84e-02  3.45e-02  1.22e+05  3.22e+02 -1.00e+05
2010 04 13  1825   55299  66300   1.27e+01  4.81e-01  4.27e-01  1.38e-01  8.08e-02  4.72e-02  1.24e+05  3.13e+02 -1.00e+05
2010 04 13  1830   55299  66600   1.81e+01  3.19e-01  1.60e-01  1.05e-01  9.42e-02  6.91e-02  1.24e+05  3.25e+02 -1.00e+05
2010 04 13  1835   55299  66900   1.77e+01  4.21e-01  2.64e-01  1.90e-01  1.80e-01  9.10e-02  1.23e+05  3.15e+02 -1.00e+05
2010 04 13  1840   55299  67200   1.33e+01  1.90e-01  1.34e-01  7.80e-02  5.45e-02  2.55e-02  1.25e+05  3.39e+02 -1.00e+05
2010 04 13  1845   55299  67500   1.71e+01  3.15e-01  1.89e-01  1.21e-01  1.11e-01  8.55e-02  1.26e+05  3.15e+02 -1.00e+05
2010 04 13  1850   55299  67800   1.13e+01  3.35e-01  3.02e-01  1.31e-01  9.16e-02  5.81e-02  1.26e+05  3.18e+02 -1.00e+05
2010 04 13  1855   55299  68100   1.16e+01  1.74e-01  1.41e-01  6.11e-02  5.07e-02  2.55e-02  1.26e+05  3.33e+02 -1.00e+05
2010 04 13  1900   55299  68400   1.24e+01  1.98e-01  1.65e-01  9.15e-02  8.11e-02  5.47e-02  1.26e+05  3.13e+02 -1.00e+05
2010 04 13  1905   55299  68700   1.22e+01  2.51e-01  2.18e-01  1.10e-01  9.97e-02  7.46e-02  1.26e+05  3.24e+02 -1.00e+05
2010 04 13  1910   55299  69000   1.20e+01  3.16e-01  2.83e-01  1.06e-01  6.08e-02  2.55e-02  1.26e+05  3.48e+02 -1.00e+05
2010 04 13  1915   55299  69300   1.16e+01  1.93e-01  1.60e-01  1.07e-01  6.10e-02  2.55e-02  1.25e+05  3.22e+02 -1.00e+05
2010 04 13  1920   55299  69600   1.12e+01  1.77e-01  1.44e-01  9.20e-02  5.76e-02  2.55e-02  1.25e+05  3.25e+02 -1.00e+05
2010 04 13  1925   55299  69900   1.09e+01  2.22e-01  1.90e-01  1.36e-01  8.91e-02  5.56e-02  1.25e+05  3.30e+02 -1.00e+05
2010 04 13  1930   55299  70200   2.05e+01  5.43e-01  2.70e-01  9.92e-02  8.88e-02  6.36e-02  1.26e+05  3.44e+02 -1.00e+05
2010 04 13  1935   55299  70500   1.66e+01  4.53e-01  3.61e-01  2.05e-01  1.94e-01  1.09e-01  1.26e+05  3.27e+02 -1.00e+05
2010 04 13  1940   55299  70800   1.77e+01  3.16e-01  1.92e-01  9.89e-02  8.01e-02  4.89e-02  1.26e+05  3.22e+02 -1.00e+05
2010 04 13  1945   55299  71100   1.19e+01  1.89e-01  1.56e-01  1.05e-01  9.43e-02  3.07e-02  1.26e+05  3.19e+02 -1.00e+05
2010 04 13  1950   55299  71400   1.13e+01  2.02e-01  1.69e-01  1.17e-01  8.76e-02  5.69e-02  1.26e+05  3.37e+02 -1.00e+05
2010 04 13  1955   55299  71700   1.10e+01  2.38e-01  2.05e-01  1.18e-01  7.60e-02  4.17e-02  1.25e+05  3.41e+02 -1.00e+05
2010 04 13  2000   55299  72000   1.14e+01  4.93e-01  4.60e-01  1.75e-01  1.06e-01  3.72e-02  1.26e+05  3.25e+02 -1.00e+05
2010 04 13  2005   55299  72300   1.89e+01  2.58e-01  1.34e-01  7.80e-02  5.45e-02  2.55e-02  1.26e+05  3.34e+02 -1.00e+05
2010 04 13  2010   55299  72600   1.55e+01  3.60e-01  2.70e-01  2.06e-01  1.25e-01  4.18e-02  1.25e+05  3.24e+02 -1.00e+05
2010 04 13  2015   55299  72900   2.48e+01  8.72e-01  4.96e-01  1.19e-01  5.91e-02  2.55e-02  1.26e+05  3.42e+02 -1.00e+05
2010 04 13  2020   55299  73200   1.14e+01  3.22e-01  2.89e-01  1.80e-01  1.61e-01  6.02e-02  1.26e+05  3.34e+02 -1.00e+05
2010 04 13  2025   55299  73500   1.23e+01  1.99e-01  1.66e-01  1.14e-01  9.07e-02  3.72e-02  1.26e+05  3.24e+02 -1.00e+05
2010 04 13  2030   55299  73800   1.13e+01  1.89e-01  1.56e-01  1.04e-01  9.00e-02  6.36e-02  1.25e+05  3.22e+02 -1.00e+05
2010 04 13  2035   55299  74100   1.28e+01  2.29e-01  1.96e-01  1.18e-01  1.07e-01  8.20e-02  1.29e+05  3.38e+02 -1.00e+05
2010 04 13  2040   55299  74400   1.29e+01  1.91e-01  1.58e-01  1.06e-01  9.52e-02  2.55e-02  1.31e+05  3.61e+02 -1.00e+05
2010 04 13  2045   55299  74700   1.27e+01  1.79e-01  1.46e-01  9.49e-02  8.45e-02  2.55e-02  1.30e+05  3.38e+02 -1.00e+05
2010 04 13  2050   55299  75000   2.22e+01  3.14e-01  1.55e-01  9.97e-02  8.27e-02  5.56e-02  1.30e+05  3.51e+02 -1.00e+05
2010 04 13  2055   55299  75300   1.34e+01  2.25e-01  1.92e-01  1.40e-01  1.30e-01  5.10e-02  1.31e+05  3.69e+02 -1.00e+05
2010 04 13  2100   55299  75600   1.33e+01  2.93e-01  2.60e-01  1.40e-01  8.94e-02  5.27e-02  1.34e+05  3.59e+02 -1.00e+05
2010 04 13  2105   55299  75900   2.25e+01  3.81e-01  1.94e-01  9.20e-02  5.76e-02  2.55e-02  1.34e+05  3.64e+02 -1.00e+05
2010 04 13  2110   55299  76200   2.28e+01  3.78e-01  1.77e-01  1.22e-01  1.12e-01  7.30e-02  1.30e+05  3.49e+02 -1.00e+05
2010 04 13  2115   55299  76500   1.22e+01  2.19e-01  1.86e-01  6.11e-02  5.07e-02  2.55e-02  1.32e+05  3.53e+02 -1.00e+05
2010 04 13  2120   55299  76800   1.13e+01  1.78e-01  1.45e-01  9.37e-02  8.33e-02  5.81e-02  1.32e+05  3.69e+02 -1.00e+05
2010 04 13  2125   55299  77100   1.14e+01  2.62e-01  2.29e-01  1.75e-01  1.16e-01  8.20e-02  1.34e+05  3.83e+02 -1.00e+05
2010 04 13  2130   55299  77400   1.76e+01  4.46e-01  3.44e-01  2.78e-01  1.58e-01  2.55e-02  1.38e+05  3.77e+02 -1.00e+05
2010 04 13  2135   55299  77700   1.93e+01  3.10e-01  1.80e-01  6.11e-02  5.07e-02  2.55e-02  1.41e+05  3.91e+02 -1.00e+05
2010 04 13  2140   55299  78000   1.25e+01  2.65e-01  2.32e-01  1.79e-01  1.43e-01  8.40e-02  1.36e+05  3.84e+02 -1.00e+05
2010 04 13  2145   55299  78300   2.40e+01  4.25e-01  1.95e-01  1.39e-01  1.01e-01  6.13e-02  1.36e+05  3.71e+02 -1.00e+05
2010 04 13  2150   55299  78600   1.19e+01  1.83e-01  1.50e-01  6.11e-02  5.07e-02  2.55e-02  1.36e+05  3.74e+02 -1.00e+05
2010 04 13  2155   55299  78900   1.07e+01  2.39e-01  2.06e-01  1.12e-01  1.01e-01  6.91e-02  1.35e+05  3.89e+02 -1.00e+05
2010 04 13  2200   55299  79200   1.75e+01  3.23e-01  1.95e-01  9.64e-02  8.60e-02  6.09e-02  1.36e+05  3.77e+02 -1.00e+05
2010 04 13  2205   55299  79500   2.11e+01  3.31e-01  1.55e-01  6.86e-02  5.82e-02  2.79e-02  1.34e+05  3.87e+02 -1.00e+05
2010 04 13  2210   55299  79800   1.10e+01  2.19e-01  1.86e-01  6.11e-02  5.07e-02  2.55e-02  1.36e+05  3.76e+02 -1.00e+05
2010 04 13  2215   55299  80100   1.07e+01  2.07e-01  1.74e-01  9.12e-02  8.07e-02  5.56e-02  1.29e+05  3.81e+02 -1.00e+05
2010 04 13  2220   55299  80400   1.12e+01  1.73e-01  1.40e-01  8.82e-02  7.78e-02  5.27e-02  1.25e+05  3.66e+02 -1.00e+05
2010 04 13  2225   55299  80700   1.28e+01  2.56e-01  2.04e-01  1.16e-01  1.05e-01  8.00e-02  1.31e+05  3.70e+02 -1.00e+05
2010 04 13  2230   55299  81000   1.06e+01  2.23e-01  1.90e-01  8.99e-02  7.95e-02  5.43e-02  1.31e+05  3.73e+02 -1.00e+05
2010 04 13  2235   55299  81300   1.13e+01  2.75e-01  2.42e-01  1.91e-01  1.80e-01  9.30e-02  1.31e+05  3.73e+02 -1.00e+05
2010 04 13  2240   55299  81600   1.11e+01  4.11e-01  3.78e-01  1.70e-01  1.21e-01  8.18e-02  1.31e+05  3.60e+02 -1.00e+05
2010 04 13  2245   55299  81900   1.06e+01  2.64e-01  2.31e-01  1.76e-01  8.99e-02  3.29e-02  1.32e+05  3.37e+02 -1.00e+05
2010 04 13  2250   55299  82200   9.97e+00  1.65e-01  1.32e-01  8.06e-02  7.02e-02  4.50e-02  1.31e+05  3.51e+02 -1.00e+05
2010 04 13  2255   55299  82500   1.78e+01  5.91e-01  3.48e-01  1.15e-01  1.04e-01  5.75e-02  1.31e+05  3.59e+02 -1.00e+05
2010 04 13  2300   55299  82800   9.05e+00  1.45e-01  1.13e-01  6.11e-02  5.07e-02  2.55e-02  1.31e+05  3.65e+02 -1.00e+05
2010 04 13  2305   55299  83100   9.99e+00  3.92e-01  3.59e-01  1.97e-01  1.69e-01  8.24e-02  1.31e+05  3.55e+02 -1.00e+05
2010 04 13  2310   55299  83400   9.43e+00  1.85e-01  1.52e-01  1.00e-01  8.75e-02  3.72e-02  1.31e+05  3.78e+02 -1.00e+05
2010 04 13  2315   55299  83700   9.62e+00  2.68e-01  2.35e-01  1.36e-01  1.26e-01  1.01e-01  1.31e+05  3.71e+02 -1.00e+05
2010 04 13  2320   55299  84000   1.02e+01  2.06e-01  1.68e-01  1.15e-01  8.05e-02  3.29e-02  1.33e+05  3.80e+02 -1.00e+05
2010 04 13  2325   55299  84300   1.55e+01  4.22e-01  2.80e-01  2.09e-01  1.74e-01  6.30e-02  1.33e+05  3.89e+02 -1.00e+05
2010 04 13  2330   55299  84600   1.77e+01  3.88e-01  2.04e-01  1.08e-01  7.79e-02  4.72e-02  1.36e+05  3.87e+02 -1.00e+05
2010 04 13  2335   55299  84900   1.81e+01  5.97e-01  3.49e-01  1.77e-01  1.62e-01  8.28e-02  1.36e+05  3.68e+02 -1.00e+05
2010 04 13  2340   55299  85200   1.07e+01  3.49e-01  3.16e-01  1.58e-01  1.13e-01  2.55e-02  1.34e+05  3.99e+02 -1.00e+05
2010 04 13  2345   55299  85500   9.02e+00  1.74e-01  1.41e-01  6.11e-02  5.07e-02  2.55e-02  1.31e+05  3.80e+02 -1.00e+05
2010 04 13  2350   55299  85800   1.87e+01  7.48e-01  4.57e-01  1.15e-01  5.91e-02  2.55e-02  1.30e+05  3.88e+02 -1.00e+05
2010 04 13  2355   55299  86100   9.84e+00  2.49e-01  2.16e-01  1.63e-01  1.20e-01  3.93e-02  1.28e+05  3.62e+02 -1.00e+05
