:Data_list: 20100414_Gp_part_5m.txt
:Created: 2010 Apr 15 0011 UTC
# Prepared by the U.S. Dept. of Commerce, NOAA, Space Weather Prediction Center
# Please send comments and suggestions to SWPC.Webmaster@noaa.gov 
# 
# Label: P > 1 = Particles at >1 Mev
# Label: P > 5 = Particles at >5 Mev
# Label: P >10 = Particles at >10 Mev
# Label: P >30 = Particles at >30 Mev
# Label: P >50 = Particles at >50 Mev
# Label: P>100 = Particles at >100 Mev
# Label: E>0.8 = Electrons at >0.8 Mev
# Label: E>2.0 = Electrons at >2.0 Mev
# Label: E>4.0 = Electrons at >4.0 Mev
# Units: Particles = Protons/cm2-s-sr
# Units: Electrons = Electrons/cm2-s-sr
# Source: GOES-13
# Location: W081
# Missing data: -1.00e+05
#
#                      5-minute  GOES-13 Solar Particle and Electron Flux
#
#                 Modified Seconds
# UTC Date  Time   Julian  of the
# YR MO DA  HHMM    Day     Day     P > 1     P > 5     P >10     P >30     P >50     P>100     E>0.8     E>2.0     E>4.0
#-------------------------------------------------------------------------------------------------------------------------
2010 04 14  0000   55300      0   2.33e+00  3.20e-01  2.30e-01  1.66e-01  1.55e-01  9.28e-02  7.25e+03  2.62e+02 -1.00e+05
2010 04 14  0005   55300    300   1.72e+00  2.06e-01  1.72e-01  1.18e-01  1.07e-01  8.22e-02  7.17e+03  2.69e+02 -1.00e+05
2010 04 14  0010   55300    600   2.29e+00  3.43e-01  2.12e-01  1.40e-01  1.29e-01  1.05e-01  7.18e+03  2.57e+02 -1.00e+05
2010 04 14  0015   55300    900   3.65e+00  4.42e-01  2.17e-01  9.29e-02  8.20e-02  5.76e-02  7.39e+03  2.60e+02 -1.00e+05
2010 04 14  0020   55300   1200  -1.00e+05 -1.00e+05 -1.00e+05 -1.00e+05 -1.00e+05 -1.00e+05 -1.00e+05 -1.00e+05 -1.00e+05
2010 04 14  0025   55300   1500   2.34e+00  2.94e-01  2.13e-01  1.50e-01  1.39e-01  1.15e-01  7.40e+03  2.66e+02 -1.00e+05
2010 04 14  0030   55300   1800   2.08e+00  3.42e-01  3.08e-01  1.32e-01  1.18e-01  9.22e-02  7.48e+03  2.57e+02 -1.00e+05
2010 04 14  0035   55300   2100   2.19e+00  1.98e-01  1.64e-01  1.10e-01  9.89e-02  7.45e-02  7.49e+03  2.63e+02 -1.00e+05
2010 04 14  0040   55300   2400   2.02e+00  2.25e-01  1.91e-01  1.35e-01  8.74e-02  3.37e-02  7.50e+03  2.58e+02 -1.00e+05
2010 04 14  0045   55300   2700   1.89e+00  2.21e-01  1.87e-01  1.32e-01  1.10e-01  8.24e-02  7.49e+03  2.66e+02 -1.00e+05
2010 04 14  0050   55300   3000   1.88e+00  2.65e-01  2.31e-01  1.77e-01  1.62e-01  1.16e-01  7.49e+03  2.75e+02 -1.00e+05
2010 04 14  0055   55300   3300   1.59e+00  2.00e-01  1.66e-01  1.11e-01  9.17e-02  6.50e-02  7.49e+03  2.70e+02 -1.00e+05
2010 04 14  0100   55300   3600   1.70e+00  2.21e-01  1.87e-01  1.33e-01  1.22e-01  9.51e-02  7.41e+03  2.69e+02 -1.00e+05
2010 04 14  0105   55300   3900   1.59e+00  1.97e-01  1.63e-01  1.08e-01  9.72e-02  7.28e-02  7.27e+03  2.75e+02 -1.00e+05
2010 04 14  0110   55300   4200   2.15e+00  3.26e-01  1.94e-01  1.22e-01  1.00e-01  7.29e-02  7.21e+03  2.77e+02 -1.00e+05
2010 04 14  0115   55300   4500   2.90e+00  3.98e-01  2.28e-01  1.69e-01  1.52e-01  9.92e-02  7.16e+03  2.72e+02 -1.00e+05
2010 04 14  0120   55300   4800   1.50e+00  1.87e-01  1.53e-01  9.81e-02  8.72e-02  5.25e-02  7.12e+03  2.68e+02 -1.00e+05
2010 04 14  0125   55300   5100  -1.00e+05 -1.00e+05 -1.00e+05 -1.00e+05 -1.00e+05 -1.00e+05 -1.00e+05 -1.00e+05 -1.00e+05
2010 04 14  0130   55300   5400   1.64e+00  2.04e-01  1.70e-01  1.15e-01  1.04e-01  7.99e-02  7.16e+03  2.70e+02 -1.00e+05
2010 04 14  0135   55300   5700   1.21e+00  2.13e-01  1.79e-01  1.25e-01  1.14e-01  8.92e-02  6.94e+03  2.65e+02 -1.00e+05
2010 04 14  0140   55300   6000   1.12e+00  2.13e-01  1.79e-01  1.25e-01  1.14e-01  8.94e-02  6.83e+03  2.57e+02 -1.00e+05
2010 04 14  0145   55300   6300   1.20e+00  2.28e-01  1.94e-01  1.20e-01  1.09e-01  7.14e-02  6.91e+03  2.60e+02 -1.00e+05
2010 04 14  0150   55300   6600   1.17e+00  2.21e-01  1.87e-01  1.32e-01  1.21e-01  9.70e-02  6.85e+03  2.69e+02 -1.00e+05
2010 04 14  0155   55300   6900   1.20e+00  2.34e-01  2.00e-01  1.46e-01  1.33e-01  5.19e-02  6.57e+03  2.52e+02 -1.00e+05
2010 04 14  0200   55300   7200   1.45e+00  2.71e-01  1.88e-01  1.25e-01  1.14e-01  8.95e-02  6.55e+03  2.50e+02 -1.00e+05
2010 04 14  0205   55300   7500   1.05e+00  1.99e-01  1.65e-01  1.10e-01  9.93e-02  7.49e-02  6.67e+03  2.57e+02 -1.00e+05
2010 04 14  0210   55300   7800   1.78e+00  4.41e-01  2.89e-01  1.49e-01  1.36e-01  8.49e-02  6.70e+03  2.63e+02 -1.00e+05
2010 04 14  0215   55300   8100   1.59e+00  3.72e-01  2.41e-01  1.26e-01  1.15e-01  9.02e-02  7.16e+03  2.68e+02 -1.00e+05
2010 04 14  0220   55300   8400   1.66e+00  3.58e-01  1.97e-01  1.38e-01  1.07e-01  7.68e-02  6.67e+03  2.59e+02 -1.00e+05
2010 04 14  0225   55300   8700   1.03e+00  3.46e-01  3.12e-01  2.55e-01  1.73e-01  8.16e-02  6.35e+03  2.45e+02 -1.00e+05
2010 04 14  0230   55300   9000   1.44e+00  3.41e-01  2.05e-01  1.45e-01  9.36e-02  5.76e-02  6.57e+03  2.41e+02 -1.00e+05
2010 04 14  0235   55300   9300   1.60e+00  3.29e-01  1.96e-01  1.24e-01  1.13e-01  8.86e-02  6.30e+03  2.37e+02 -1.00e+05
2010 04 14  0240   55300   9600   9.02e-01  2.43e-01  2.09e-01  1.55e-01  1.44e-01  1.19e-01  6.20e+03  2.44e+02 -1.00e+05
2010 04 14  0245   55300   9900   2.24e+00  4.68e-01  1.51e-01  9.29e-02  8.20e-02  5.76e-02  6.41e+03  2.41e+02 -1.00e+05
2010 04 14  0250   55300  10200   9.05e-01  1.54e-01  1.20e-01  6.57e-02  5.47e-02  3.03e-02  6.24e+03  2.42e+02 -1.00e+05
2010 04 14  0255   55300  10500   9.20e-01  2.54e-01  2.20e-01  1.28e-01  1.17e-01  9.27e-02  6.21e+03  2.42e+02 -1.00e+05
2010 04 14  0300   55300  10800   1.21e+00  2.55e-01  1.83e-01  1.21e-01  1.10e-01  7.50e-02  6.24e+03  2.47e+02 -1.00e+05
2010 04 14  0305   55300  11100   1.26e+00  3.20e-01  2.10e-01  1.41e-01  1.30e-01  8.66e-02  6.12e+03  2.33e+02 -1.00e+05
2010 04 14  0310   55300  11400   9.14e-01  3.18e-01  2.85e-01  2.30e-01  2.19e-01  1.18e-01  6.16e+03  2.35e+02 -1.00e+05
2010 04 14  0315   55300  11700   7.10e-01  2.35e-01  2.01e-01  1.47e-01  1.36e-01  1.11e-01  6.14e+03  2.37e+02 -1.00e+05
2010 04 14  0320   55300  12000   1.13e+00  3.12e-01  1.77e-01  1.19e-01  1.08e-01  8.33e-02  6.15e+03  2.31e+02 -1.00e+05
2010 04 14  0325   55300  12300   1.16e+00  2.95e-01  1.59e-01  1.00e-01  8.94e-02  6.50e-02  6.03e+03  2.30e+02 -1.00e+05
2010 04 14  0330   55300  12600   7.28e-01  3.12e-01  1.77e-01  1.03e-01  7.46e-02  4.52e-02  6.01e+03  2.27e+02 -1.00e+05
2010 04 14  0335   55300  12900   4.60e-01  2.28e-01  1.95e-01  1.39e-01  1.10e-01  8.05e-02  5.83e+03  2.26e+02 -1.00e+05
2010 04 14  0340   55300  13200   6.64e-01  2.36e-01  2.02e-01  1.47e-01  1.36e-01  1.12e-01  5.83e+03  2.25e+02 -1.00e+05
2010 04 14  0345   55300  13500   7.93e-01  3.22e-01  1.90e-01  1.18e-01  1.07e-01  8.22e-02  5.58e+03  2.16e+02 -1.00e+05
2010 04 14  0350   55300  13800   4.72e-01  1.60e-01  1.21e-01  6.57e-02  5.47e-02  3.03e-02  5.29e+03  2.01e+02 -1.00e+05
2010 04 14  0355   55300  14100   7.57e-01  2.52e-01  2.18e-01  8.19e-02  5.42e-02  2.50e-02  5.01e+03  1.94e+02 -1.00e+05
2010 04 14  0400   55300  14400   5.56e-01  2.18e-01  1.84e-01  1.28e-01  8.23e-02  5.01e-02  4.89e+03  1.87e+02 -1.00e+05
2010 04 14  0405   55300  14700   3.86e-01  2.27e-01  1.93e-01  1.37e-01  9.22e-02  6.00e-02  4.94e+03  1.90e+02 -1.00e+05
2010 04 14  0410   55300  15000   5.54e-01  3.32e-01  2.98e-01  1.21e-01  1.10e-01  8.58e-02  4.92e+03  1.88e+02 -1.00e+05
2010 04 14  0415   55300  15300   8.76e-01  3.10e-01  2.25e-01  1.07e-01  8.71e-02  6.00e-02  5.03e+03  1.90e+02 -1.00e+05
2010 04 14  0420   55300  15600   1.27e+00  3.33e-01  1.46e-01  8.70e-02  7.49e-02  5.01e-02  5.19e+03  1.96e+02 -1.00e+05
2010 04 14  0425   55300  15900   6.12e-01  2.54e-01  2.20e-01  1.66e-01  1.55e-01  9.10e-02  5.44e+03  2.04e+02 -1.00e+05
2010 04 14  0430   55300  16200   6.08e-01  2.33e-01  1.99e-01  1.43e-01  9.13e-02  5.51e-02  5.47e+03  2.02e+02 -1.00e+05
2010 04 14  0435   55300  16500   6.50e-01  2.87e-01  2.53e-01  1.98e-01  1.87e-01  1.05e-01  5.46e+03  2.08e+02 -1.00e+05
2010 04 14  0440   55300  16800   9.04e-01  3.31e-01  1.70e-01  1.11e-01  9.96e-02  7.49e-02  5.49e+03  2.07e+02 -1.00e+05
2010 04 14  0445   55300  17100   7.19e-01  2.67e-01  2.34e-01  1.39e-01  1.28e-01  1.03e-01  5.51e+03  2.16e+02 -1.00e+05
2010 04 14  0450   55300  17400   8.25e-01  2.13e-01  1.79e-01  1.25e-01  1.14e-01  8.92e-02  5.59e+03  2.15e+02 -1.00e+05
2010 04 14  0455   55300  17700   8.12e-01  2.19e-01  1.85e-01  1.31e-01  1.20e-01  9.55e-02  5.51e+03  2.13e+02 -1.00e+05
2010 04 14  0500   55300  18000   1.00e+00  3.81e-01  2.49e-01  1.77e-01  1.60e-01  1.34e-01  5.50e+03  2.02e+02 -1.00e+05
2010 04 14  0505   55300  18300   5.62e-01  2.07e-01  1.73e-01  1.19e-01  1.08e-01  8.33e-02  5.53e+03  2.11e+02 -1.00e+05
2010 04 14  0510   55300  18600  -1.00e+05 -1.00e+05 -1.00e+05 -1.00e+05 -1.00e+05 -1.00e+05 -1.00e+05 -1.00e+05 -1.00e+05
2010 04 14  0515   55300  18900   6.76e-01  2.11e-01  1.77e-01  1.23e-01  1.12e-01  8.76e-02  5.74e+03  2.16e+02 -1.00e+05
2010 04 14  0520   55300  19200   6.77e-01  2.62e-01  2.28e-01  1.73e-01  1.45e-01  1.16e-01  5.83e+03  2.14e+02 -1.00e+05
2010 04 14  0525   55300  19500   1.16e+00  4.54e-01  2.94e-01  2.34e-01  1.89e-01  1.57e-01  5.85e+03  2.18e+02 -1.00e+05
2010 04 14  0530   55300  19800   1.41e+00  3.34e-01  2.01e-01  1.42e-01  1.31e-01  1.07e-01  5.83e+03  2.17e+02 -1.00e+05
2010 04 14  0535   55300  20100   1.68e+00  3.91e-01  2.07e-01  1.48e-01  1.37e-01  1.13e-01  5.86e+03  2.19e+02 -1.00e+05
2010 04 14  0540   55300  20400   9.47e-01  2.83e-01  2.03e-01  1.40e-01  1.29e-01  1.04e-01  6.14e+03  2.15e+02 -1.00e+05
2010 04 14  0545   55300  20700   7.14e-01  2.22e-01  1.88e-01  1.33e-01  1.22e-01  9.80e-02  5.96e+03  2.13e+02 -1.00e+05
2010 04 14  0550   55300  21000   6.12e-01  1.94e-01  1.60e-01  1.05e-01  9.43e-02  6.99e-02  5.94e+03  2.17e+02 -1.00e+05
2010 04 14  0555   55300  21300   8.26e-01  3.37e-01  3.03e-01  2.48e-01  2.15e-01  1.01e-01  6.07e+03  2.12e+02 -1.00e+05
2010 04 14  0600   55300  21600   7.27e-01  2.17e-01  1.83e-01  1.29e-01  1.18e-01  9.33e-02  6.16e+03  2.19e+02 -1.00e+05
2010 04 14  0605   55300  21900   1.50e+00  4.86e-01  3.50e-01  2.91e-01  2.80e-01  2.17e-01  6.16e+03  2.25e+02 -1.00e+05
2010 04 14  0610   55300  22200   7.64e-01  3.13e-01  2.79e-01  2.25e-01  2.14e-01  1.08e-01  6.16e+03  2.21e+02 -1.00e+05
2010 04 14  0615   55300  22500   1.03e+00  3.55e-01  3.22e-01  1.50e-01  1.39e-01  1.15e-01  6.17e+03  2.19e+02 -1.00e+05
2010 04 14  0620   55300  22800   1.02e+00  3.66e-01  2.34e-01  1.61e-01  1.19e-01  8.53e-02  6.19e+03  2.18e+02 -1.00e+05
2010 04 14  0625   55300  23100   1.44e+00  3.32e-01  1.98e-01  1.40e-01  1.29e-01  1.04e-01  6.16e+03  2.16e+02 -1.00e+05
2010 04 14  0630   55300  23400   9.21e-01  2.36e-01  2.02e-01  1.48e-01  1.37e-01  9.79e-02  6.16e+03  2.19e+02 -1.00e+05
2010 04 14  0635   55300  23700   1.09e+00  3.47e-01  2.18e-01  1.46e-01  1.35e-01  1.10e-01  6.18e+03  2.13e+02 -1.00e+05
2010 04 14  0640   55300  24000   8.14e-01  2.87e-01  2.53e-01  1.54e-01  1.17e-01  8.44e-02  6.16e+03  2.05e+02 -1.00e+05
2010 04 14  0645   55300  24300   1.05e+00  2.86e-01  1.51e-01  7.81e-02  6.71e-02  4.27e-02  6.16e+03  2.09e+02 -1.00e+05
2010 04 14  0650   55300  24600   7.44e-01  2.16e-01  1.82e-01  1.27e-01  1.16e-01  7.71e-02  6.17e+03  2.10e+02 -1.00e+05
2010 04 14  0655   55300  24900   9.04e-01  1.99e-01  1.65e-01  1.10e-01  9.93e-02  7.49e-02  6.16e+03  2.18e+02 -1.00e+05
2010 04 14  0700   55300  25200   9.84e-01  2.72e-01  2.38e-01  1.82e-01  1.28e-01  9.06e-02  6.16e+03  2.13e+02 -1.00e+05
2010 04 14  0705   55300  25500   9.15e-01  1.71e-01  1.32e-01  7.63e-02  6.09e-02  3.53e-02  6.18e+03  2.12e+02 -1.00e+05
2010 04 14  0710   55300  25800   1.16e+00  3.43e-01  2.13e-01  1.41e-01  1.30e-01  1.05e-01  6.21e+03  2.20e+02 -1.00e+05
2010 04 14  0715   55300  26100   1.01e+00  3.46e-01  3.12e-01  1.44e-01  1.14e-01  8.17e-02  6.22e+03  2.21e+02 -1.00e+05
2010 04 14  0720   55300  26400   9.78e-01  2.34e-01  2.00e-01  1.46e-01  1.35e-01  1.10e-01  6.30e+03  2.17e+02 -1.00e+05
2010 04 14  0725   55300  26700   9.28e-01  2.29e-01  1.95e-01  1.40e-01  1.10e-01  8.04e-02  6.35e+03  2.12e+02 -1.00e+05
2010 04 14  0730   55300  27000   6.91e-01  1.66e-01  1.33e-01  7.81e-02  6.71e-02  4.27e-02  6.49e+03  2.24e+02 -1.00e+05
2010 04 14  0735   55300  27300   8.78e-01  2.12e-01  1.78e-01  1.23e-01  1.12e-01  8.80e-02  6.49e+03  2.28e+02 -1.00e+05
2010 04 14  0740   55300  27600   7.65e-01  1.49e-01  1.15e-01  6.03e-02  4.94e-02  2.50e-02  6.50e+03  2.36e+02 -1.00e+05
2010 04 14  0745   55300  27900   8.95e-01  2.45e-01  2.11e-01  1.56e-01  1.38e-01  1.11e-01  6.63e+03  2.35e+02 -1.00e+05
2010 04 14  0750   55300  28200   1.11e+00  3.34e-01  3.00e-01  2.46e-01  2.35e-01  1.72e-01  6.80e+03  2.39e+02 -1.00e+05
2010 04 14  0755   55300  28500   1.14e+00  2.85e-01  2.51e-01  1.96e-01  1.85e-01  1.15e-01  6.83e+03  2.37e+02 -1.00e+05
2010 04 14  0800   55300  28800   9.51e-01  2.17e-01  1.83e-01  1.29e-01  1.18e-01  9.36e-02  6.83e+03  2.46e+02 -1.00e+05
2010 04 14  0805   55300  29100   1.21e+00  4.06e-01  3.72e-01  3.15e-01  2.19e-01  1.09e-01  6.83e+03  2.53e+02 -1.00e+05
2010 04 14  0810   55300  29400   1.22e+00  3.55e-01  1.95e-01  1.36e-01  1.24e-01  9.71e-02  6.83e+03  2.51e+02 -1.00e+05
2010 04 14  0815   55300  29700   8.25e-01  2.08e-01  1.74e-01  1.20e-01  1.03e-01  7.74e-02  6.83e+03  2.48e+02 -1.00e+05
2010 04 14  0820   55300  30000   9.82e-01  2.05e-01  1.70e-01  1.16e-01  1.05e-01  8.05e-02  6.83e+03  2.53e+02 -1.00e+05
2010 04 14  0825   55300  30300   1.12e+00  2.06e-01  1.72e-01  1.17e-01  1.06e-01  6.04e-02  6.93e+03  2.55e+02 -1.00e+05
2010 04 14  0830   55300  30600   1.22e+00  2.53e-01  2.19e-01  1.63e-01  1.15e-01  8.23e-02  7.03e+03  2.60e+02 -1.00e+05
2010 04 14  0835   55300  30900   1.23e+00  2.21e-01  1.87e-01  1.32e-01  1.17e-01  9.15e-02  6.91e+03  2.54e+02 -1.00e+05
2010 04 14  0840   55300  31200   9.51e-01  2.13e-01  1.79e-01  1.24e-01  1.13e-01  8.91e-02  6.89e+03  2.56e+02 -1.00e+05
2010 04 14  0845   55300  31500   1.04e+00  2.35e-01  2.01e-01  1.46e-01  1.35e-01  1.11e-01  6.84e+03  2.63e+02 -1.00e+05
2010 04 14  0850   55300  31800   9.13e-01  2.04e-01  1.70e-01  1.15e-01  1.04e-01  7.99e-02  6.84e+03  2.64e+02 -1.00e+05
2010 04 14  0855   55300  32100  -1.00e+05 -1.00e+05 -1.00e+05 -1.00e+05 -1.00e+05 -1.00e+05 -1.00e+05 -1.00e+05 -1.00e+05
2010 04 14  0900   55300  32400   7.96e-01  2.35e-01  2.01e-01  1.46e-01  1.28e-01  9.43e-02  6.93e+03  2.69e+02 -1.00e+05
2010 04 14  0905   55300  32700   1.35e+00  2.03e-01  1.69e-01  1.15e-01  1.04e-01  7.94e-02  6.84e+03  2.56e+02 -1.00e+05
2010 04 14  0910   55300  33000   1.81e+00  3.43e-01  1.82e-01  1.24e-01  1.13e-01  8.85e-02  6.84e+03  2.63e+02 -1.00e+05
2010 04 14  0915   55300  33300   9.84e-01  2.52e-01  2.19e-01  1.63e-01  1.17e-01  8.23e-02  6.83e+03  2.58e+02 -1.00e+05
2010 04 14  0920   55300  33600   9.03e-01  2.05e-01  1.72e-01  1.17e-01  1.05e-01  7.67e-02  6.83e+03  2.55e+02 -1.00e+05
2010 04 14  0925   55300  33900   8.65e-01  2.28e-01  1.94e-01  1.39e-01  1.28e-01  1.04e-01  6.83e+03  2.66e+02 -1.00e+05
2010 04 14  0930   55300  34200   1.07e+00  2.17e-01  1.83e-01  1.29e-01  1.18e-01  9.34e-02  6.82e+03  2.60e+02 -1.00e+05
2010 04 14  0935   55300  34500   8.31e-01  2.16e-01  1.79e-01  9.54e-02  8.44e-02  6.00e-02  6.83e+03  2.61e+02 -1.00e+05
2010 04 14  0940   55300  34800   1.10e+00  2.94e-01  2.60e-01  2.04e-01  1.60e-01  9.16e-02  6.79e+03  2.60e+02 -1.00e+05
2010 04 14  0945   55300  35100   1.25e+00  3.02e-01  2.68e-01  1.57e-01  1.47e-01  1.22e-01  6.92e+03  2.74e+02 -1.00e+05
2010 04 14  0950   55300  35400   9.74e-01  2.63e-01  2.28e-01  1.30e-01  1.19e-01  9.48e-02  7.16e+03  2.80e+02 -1.00e+05
2010 04 14  0955   55300  35700   2.25e+00  7.72e-01  5.16e-01  1.92e-01  1.41e-01  1.09e-01  7.15e+03  2.83e+02 -1.00e+05
2010 04 14  1000   55300  36000  -1.00e+05 -1.00e+05 -1.00e+05 -1.00e+05 -1.00e+05 -1.00e+05 -1.00e+05 -1.00e+05 -1.00e+05
2010 04 14  1005   55300  36300   1.06e+00  2.14e-01  1.80e-01  1.26e-01  1.15e-01  9.03e-02  7.16e+03  2.86e+02 -1.00e+05
2010 04 14  1010   55300  36600   1.34e+00  2.14e-01  1.80e-01  1.25e-01  1.14e-01  4.58e-02  7.43e+03  2.90e+02 -1.00e+05
2010 04 14  1015   55300  36900   1.19e+00  2.60e-01  2.24e-01  1.22e-01  1.09e-01  8.39e-02  7.26e+03  2.87e+02 -1.00e+05
2010 04 14  1020   55300  37200   2.27e+00  3.31e-01  1.98e-01  1.39e-01  1.28e-01  1.04e-01  7.28e+03  2.90e+02 -1.00e+05
2010 04 14  1025   55300  37500   1.08e+00  3.37e-01  3.04e-01  2.49e-01  2.38e-01  1.26e-01  7.23e+03  2.84e+02 -1.00e+05
2010 04 14  1030   55300  37800   9.99e-01  2.67e-01  2.34e-01  1.35e-01  1.20e-01  9.40e-02  7.30e+03  2.93e+02 -1.00e+05
2010 04 14  1035   55300  38100   1.18e+00  2.39e-01  2.05e-01  1.51e-01  1.40e-01  1.16e-01  7.28e+03  2.78e+02 -1.00e+05
2010 04 14  1040   55300  38400   1.73e+00  3.06e-01  2.70e-01  1.64e-01  1.10e-01  7.74e-02  7.37e+03  2.91e+02 -1.00e+05
2010 04 14  1045   55300  38700   2.51e+00  2.66e-01  1.81e-01  1.18e-01  1.07e-01  8.23e-02  7.82e+03  3.02e+02 -1.00e+05
2010 04 14  1050   55300  39000   1.95e+00  2.51e-01  2.17e-01  1.62e-01  1.51e-01  1.27e-01  7.83e+03  2.98e+02 -1.00e+05
2010 04 14  1055   55300  39300   2.28e+00  2.01e-01  1.67e-01  1.11e-01  7.84e-02  4.77e-02  8.25e+03  3.09e+02 -1.00e+05
2010 04 14  1100   55300  39600   2.15e+00  2.83e-01  2.49e-01  1.94e-01  1.69e-01  8.40e-02  8.48e+03  3.27e+02 -1.00e+05
2010 04 14  1105   55300  39900   2.38e+00  2.63e-01  2.29e-01  1.17e-01  1.06e-01  8.19e-02  8.70e+03  3.26e+02 -1.00e+05
2010 04 14  1110   55300  40200   2.36e+00  2.17e-01  1.83e-01  7.06e-02  5.97e-02  3.53e-02  8.80e+03  3.42e+02 -1.00e+05
2010 04 14  1115   55300  40500   3.88e+00  3.63e-01  2.29e-01  1.69e-01  1.26e-01  9.19e-02  8.75e+03  3.24e+02 -1.00e+05
2010 04 14  1120   55300  40800   2.17e+00  1.89e-01  1.55e-01  1.00e-01  8.94e-02  6.50e-02  8.75e+03  3.37e+02 -1.00e+05
2010 04 14  1125   55300  41100   2.20e+00  1.96e-01  1.62e-01  1.08e-01  9.68e-02  7.24e-02  8.87e+03  3.30e+02 -1.00e+05
2010 04 14  1130   55300  41400   3.56e+00  3.67e-01  2.32e-01  1.73e-01  1.31e-01  9.72e-02  8.67e+03  3.33e+02 -1.00e+05
2010 04 14  1135   55300  41700   1.73e+00  2.01e-01  1.67e-01  1.13e-01  1.02e-01  7.74e-02  8.62e+03  3.37e+02 -1.00e+05
2010 04 14  1140   55300  42000   2.54e+00  3.16e-01  2.33e-01  1.26e-01  1.15e-01  9.07e-02  8.63e+03  3.38e+02 -1.00e+05
2010 04 14  1145   55300  42300   2.25e+00  2.37e-01  2.03e-01  1.49e-01  1.38e-01  9.23e-02  8.91e+03  3.37e+02 -1.00e+05
2010 04 14  1150   55300  42600   2.55e+00  2.54e-01  2.21e-01  1.18e-01  1.07e-01  8.23e-02  8.74e+03  3.46e+02 -1.00e+05
2010 04 14  1155   55300  42900   3.00e+00  2.38e-01  2.02e-01  1.08e-01  9.68e-02  7.24e-02  9.39e+03  3.52e+02 -1.00e+05
2010 04 14  1200   55300  43200   3.64e+00  2.37e-01  2.03e-01  9.54e-02  8.44e-02  6.00e-02  9.82e+03  3.65e+02 -1.00e+05
2010 04 14  1205   55300  43500   5.33e+00  3.57e-01  1.95e-01  1.35e-01  9.53e-02  6.25e-02  9.79e+03  3.72e+02 -1.00e+05
2010 04 14  1210   55300  43800   5.76e+00  3.49e-01  2.18e-01  1.46e-01  1.35e-01  1.11e-01  1.01e+04  3.77e+02 -1.00e+05
2010 04 14  1215   55300  44100   3.95e+00  3.51e-01  2.66e-01  1.21e-01  9.79e-02  6.99e-02  9.83e+03  3.65e+02 -1.00e+05
2010 04 14  1220   55300  44400   4.17e+00  1.66e-01  1.33e-01  7.81e-02  6.71e-02  4.27e-02  1.00e+04  3.87e+02 -1.00e+05
2010 04 14  1225   55300  44700   3.90e+00  2.28e-01  1.95e-01  1.40e-01  1.29e-01  9.79e-02  1.01e+04  3.73e+02 -1.00e+05
2010 04 14  1230   55300  45000   7.61e+00  3.97e-01  2.40e-01  1.81e-01  1.59e-01  1.32e-01  1.01e+04  3.77e+02 -1.00e+05
2010 04 14  1235   55300  45300   4.41e+00  2.21e-01  1.88e-01  1.33e-01  1.22e-01  9.77e-02  1.04e+04  3.87e+02 -1.00e+05
2010 04 14  1240   55300  45600  -1.00e+05 -1.00e+05 -1.00e+05 -1.00e+05 -1.00e+05 -1.00e+05 -1.00e+05 -1.00e+05 -1.00e+05
2010 04 14  1245   55300  45900   5.66e+00  3.14e-01  2.30e-01  1.64e-01  1.08e-01  7.57e-02  1.04e+04  3.72e+02 -1.00e+05
2010 04 14  1250   55300  46200   4.07e+00  2.25e-01  1.91e-01  1.36e-01  1.25e-01  1.00e-01  1.03e+04  3.84e+02 -1.00e+05
2010 04 14  1255   55300  46500   4.30e+00  2.87e-01  2.53e-01  1.97e-01  1.51e-01  1.09e-01  1.04e+04  3.93e+02 -1.00e+05
2010 04 14  1300   55300  46800   4.20e+00  2.12e-01  1.78e-01  1.24e-01  1.13e-01  8.86e-02  1.04e+04  3.83e+02 -1.00e+05
2010 04 14  1305   55300  47100   4.20e+00  1.89e-01  1.55e-01  1.00e-01  8.94e-02  6.50e-02  1.04e+04  3.98e+02 -1.00e+05
2010 04 14  1310   55300  47400   4.33e+00  2.39e-01  2.05e-01  1.50e-01  1.28e-01  1.00e-01  1.04e+04  3.97e+02 -1.00e+05
2010 04 14  1315   55300  47700   4.45e+00  2.44e-01  2.10e-01  1.55e-01  1.36e-01  1.09e-01  1.04e+04  4.09e+02 -1.00e+05
2010 04 14  1320   55300  48000   4.42e+00  2.10e-01  1.76e-01  1.22e-01  1.11e-01  8.64e-02  1.05e+04  3.91e+02 -1.00e+05
2010 04 14  1325   55300  48300   4.57e+00  1.98e-01  1.64e-01  1.10e-01  9.86e-02  7.42e-02  1.05e+04  3.96e+02 -1.00e+05
2010 04 14  1330   55300  48600   5.81e+00  3.20e-01  2.38e-01  1.74e-01  1.35e-01  1.03e-01  1.08e+04  3.89e+02 -1.00e+05
2010 04 14  1335   55300  48900   5.20e+00  2.97e-01  2.63e-01  2.08e-01  1.97e-01  1.73e-01  1.10e+04  4.13e+02 -1.00e+05
2010 04 14  1340   55300  49200   5.38e+00  1.49e-01  1.15e-01  6.03e-02  4.94e-02  2.50e-02  1.10e+04  4.11e+02 -1.00e+05
2010 04 14  1345   55300  49500  -1.00e+05 -1.00e+05 -1.00e+05 -1.00e+05 -1.00e+05 -1.00e+05 -1.00e+05 -1.00e+05 -1.00e+05
2010 04 14  1350   55300  49800   8.26e+00  3.64e-01  2.34e-01  1.62e-01  1.41e-01  1.14e-01  1.10e+04  4.04e+02 -1.00e+05
2010 04 14  1355   55300  50100   9.23e+00  3.53e-01  2.19e-01  1.45e-01  1.01e-01  6.75e-02  1.15e+04  4.03e+02 -1.00e+05
2010 04 14  1400   55300  50400   6.30e+00  3.35e-01  3.01e-01  2.16e-01  2.05e-01  1.07e-01  1.16e+04  4.11e+02 -1.00e+05
2010 04 14  1405   55300  50700   6.25e+00  1.86e-01  1.52e-01  9.79e-02  8.70e-02  6.26e-02  1.13e+04  4.19e+02 -1.00e+05
2010 04 14  1410   55300  51000   1.03e+01  3.04e-01  1.69e-01  1.10e-01  9.93e-02  7.49e-02  1.16e+04  4.32e+02 -1.00e+05
2010 04 14  1415   55300  51300   8.49e+00  2.86e-01  2.16e-01  1.55e-01  1.29e-01  8.82e-02  1.17e+04  4.13e+02 -1.00e+05
2010 04 14  1420   55300  51600   6.88e+00  2.41e-01  2.07e-01  1.52e-01  1.41e-01  1.17e-01  1.16e+04  4.19e+02 -1.00e+05
2010 04 14  1425   55300  51900   7.22e+00  2.15e-01  1.81e-01  1.27e-01  1.16e-01  9.14e-02  1.17e+04  4.24e+02 -1.00e+05
2010 04 14  1430   55300  52200   8.16e+00  2.56e-01  2.22e-01  1.66e-01  1.14e-01  7.74e-02  1.20e+04  4.38e+02 -1.00e+05
2010 04 14  1435   55300  52500   1.20e+01  3.59e-01  2.30e-01  1.59e-01  1.48e-01  1.24e-01  1.20e+04  4.27e+02 -1.00e+05
2010 04 14  1440   55300  52800   9.20e+00  2.13e-01  1.79e-01  1.24e-01  1.13e-01  8.90e-02  1.22e+04  4.36e+02 -1.00e+05
2010 04 14  1445   55300  53100   8.91e+00  2.16e-01  1.82e-01  1.28e-01  1.17e-01  9.26e-02  1.24e+04  4.36e+02 -1.00e+05
2010 04 14  1450   55300  53400   9.19e+00  3.90e-01  3.56e-01  1.52e-01  1.41e-01  9.46e-02  1.23e+04  4.46e+02 -1.00e+05
2010 04 14  1455   55300  53700   9.08e+00  2.15e-01  1.81e-01  1.26e-01  1.05e-01  7.74e-02  1.24e+04  4.58e+02 -1.00e+05
2010 04 14  1500   55300  54000   9.75e+00  1.74e-01  1.40e-01  8.55e-02  7.45e-02  5.01e-02  1.23e+04  4.56e+02 -1.00e+05
2010 04 14  1505   55300  54300   9.75e+00  2.30e-01  1.96e-01  1.42e-01  1.31e-01  1.06e-01  1.24e+04  4.51e+02 -1.00e+05
2010 04 14  1510   55300  54600   9.22e+00  2.51e-01  2.17e-01  1.62e-01  1.26e-01  8.44e-02  1.24e+04  4.39e+02 -1.00e+05
2010 04 14  1515   55300  54900   1.48e+01  4.00e-01  2.65e-01  2.06e-01  1.67e-01  9.16e-02  1.23e+04  4.45e+02 -1.00e+05
2010 04 14  1520   55300  55200   9.51e+00  1.87e-01  1.53e-01  9.86e-02  8.77e-02  5.43e-02  1.26e+04  4.41e+02 -1.00e+05
2010 04 14  1525   55300  55500   9.43e+00  3.31e-01  2.97e-01  1.23e-01  1.12e-01  8.80e-02  1.23e+04  4.37e+02 -1.00e+05
2010 04 14  1530   55300  55800   1.31e+01  3.37e-01  2.25e-01  1.57e-01  1.46e-01  1.05e-01  1.19e+04  4.36e+02 -1.00e+05
2010 04 14  1535   55300  56100   9.43e+00  2.60e-01  2.26e-01  1.71e-01  1.60e-01  9.12e-02  1.23e+04  4.41e+02 -1.00e+05
2010 04 14  1540   55300  56400   1.76e+01  4.08e-01  2.47e-01  1.88e-01  1.58e-01  8.55e-02  1.19e+04  4.34e+02 -1.00e+05
2010 04 14  1545   55300  56700   9.49e+00  2.29e-01  1.95e-01  1.40e-01  1.29e-01  1.05e-01  1.23e+04  4.25e+02 -1.00e+05
2010 04 14  1550   55300  57000   9.91e+00  2.62e-01  2.28e-01  1.33e-01  1.22e-01  9.72e-02  1.22e+04  4.33e+02 -1.00e+05
2010 04 14  1555   55300  57300   9.61e+00  2.25e-01  1.92e-01  1.37e-01  1.15e-01  8.81e-02  1.19e+04  4.29e+02 -1.00e+05
2010 04 14  1600   55300  57600   1.03e+01  1.51e-01  1.17e-01  6.25e-02  5.15e-02  2.57e-02  1.22e+04  4.15e+02 -1.00e+05
2010 04 14  1605   55300  57900   9.74e+00  2.45e-01  2.11e-01  1.55e-01  1.09e-01  7.69e-02  1.20e+04  4.29e+02 -1.00e+05
2010 04 14  1610   55300  58200   9.88e+00  1.87e-01  1.54e-01  9.89e-02  8.33e-02  5.76e-02  1.23e+04  4.33e+02 -1.00e+05
2010 04 14  1615   55300  58500   1.06e+01  1.90e-01  1.52e-01  9.71e-02  8.10e-02  5.51e-02  1.25e+04  4.33e+02 -1.00e+05
2010 04 14  1620   55300  58800   1.12e+01  2.24e-01  1.90e-01  1.35e-01  1.09e-01  7.99e-02  1.26e+04  4.31e+02 -1.00e+05
2010 04 14  1625   55300  59100   9.60e+00  1.91e-01  1.57e-01  1.03e-01  9.19e-02  6.75e-02  1.20e+04  4.27e+02 -1.00e+05
2010 04 14  1630   55300  59400   1.06e+01  3.01e-01  2.62e-01  7.07e-02  5.98e-02  3.53e-02  1.25e+04  4.38e+02 -1.00e+05
2010 04 14  1635   55300  59700   9.94e+00  2.46e-01  2.12e-01  1.58e-01  1.43e-01  1.17e-01  1.21e+04  4.12e+02 -1.00e+05
2010 04 14  1640   55300  60000   1.31e+01  3.29e-01  2.57e-01  1.93e-01  1.24e-01  7.50e-02  1.23e+04  4.28e+02 -1.00e+05
2010 04 14  1645   55300  60300   1.15e+01  2.12e-01  1.78e-01  1.22e-01  7.55e-02  3.36e-02  1.28e+04  4.35e+02 -1.00e+05
2010 04 14  1650   55300  60600   1.20e+01  3.12e-01  2.78e-01  2.24e-01  2.13e-01  1.16e-01  1.31e+04  4.51e+02 -1.00e+05
2010 04 14  1655   55300  60900   1.08e+01  3.03e-01  2.70e-01  2.15e-01  2.04e-01  1.68e-01  1.24e+04  4.33e+02 -1.00e+05
2010 04 14  1700   55300  61200   9.94e+00  1.88e-01  1.54e-01  9.89e-02  6.22e-02  3.03e-02  1.22e+04  4.31e+02 -1.00e+05
2010 04 14  1705   55300  61500   9.67e+00  2.21e-01  1.88e-01  1.32e-01  1.03e-01  7.33e-02  1.15e+04  4.11e+02 -1.00e+05
2010 04 14  1710   55300  61800   9.51e+00  2.11e-01  1.77e-01  1.22e-01  1.11e-01  8.70e-02  1.20e+04  3.99e+02 -1.00e+05
2010 04 14  1715   55300  62100   1.10e+01  2.58e-01  2.24e-01  1.67e-01  1.15e-01  8.28e-02  1.25e+04  3.85e+02 -1.00e+05
2010 04 14  1720   55300  62400   1.17e+01  2.30e-01  1.96e-01  1.40e-01  1.08e-01  7.71e-02  1.25e+04  4.08e+02 -1.00e+05
2010 04 14  1725   55300  62700   1.40e+01  2.44e-01  2.11e-01  1.09e-01  9.80e-02  7.36e-02  1.33e+04  4.17e+02 -1.00e+05
2010 04 14  1730   55300  63000  -1.00e+05 -1.00e+05 -1.00e+05 -1.00e+05 -1.00e+05 -1.00e+05 -1.00e+05 -1.00e+05 -1.00e+05
2010 04 14  1735   55300  63300   1.35e+01  3.18e-01  2.84e-01  2.29e-01  1.93e-01  1.55e-01  1.29e+04  4.27e+02 -1.00e+05
2010 04 14  1740   55300  63600   2.39e+01  3.73e-01  2.13e-01  1.53e-01  1.27e-01  9.77e-02  1.33e+04  4.36e+02 -1.00e+05
2010 04 14  1745   55300  63900   1.22e+01  2.73e-01  2.39e-01  1.38e-01  1.12e-01  8.33e-02  1.32e+04  4.08e+02 -1.00e+05
2010 04 14  1750   55300  64200   1.05e+01  2.00e-01  1.66e-01  1.11e-01  9.96e-02  7.49e-02  1.17e+04  4.06e+02 -1.00e+05
2010 04 14  1755   55300  64500   1.70e+01  2.71e-01  1.34e-01  7.56e-02  6.46e-02  4.02e-02  1.25e+04  4.18e+02 -1.00e+05
2010 04 14  1800   55300  64800   1.55e+01  3.14e-01  2.31e-01  1.22e-01  1.11e-01  8.70e-02  1.33e+04  4.12e+02 -1.00e+05
2010 04 14  1805   55300  65100   1.56e+01  2.56e-01  1.93e-01  1.34e-01  1.23e-01  7.91e-02  1.26e+04  4.38e+02 -1.00e+05
2010 04 14  1810   55300  65400   1.51e+01  2.29e-01  1.48e-01  8.47e-02  7.37e-02  4.48e-02  1.26e+04  4.01e+02 -1.00e+05
2010 04 14  1815   55300  65700   1.29e+01  2.02e-01  1.69e-01  1.14e-01  1.03e-01  4.76e-02  1.25e+04  4.03e+02 -1.00e+05
2010 04 14  1820   55300  66000   1.26e+01  2.29e-01  1.95e-01  1.40e-01  1.03e-01  7.16e-02  1.27e+04  4.04e+02 -1.00e+05
2010 04 14  1825   55300  66300   1.87e+01  2.80e-01  1.93e-01  1.28e-01  8.60e-02  5.26e-02  1.26e+04  4.12e+02 -1.00e+05
2010 04 14  1830   55300  66600   1.21e+01  2.01e-01  1.68e-01  1.13e-01  1.02e-01  7.77e-02  1.26e+04  4.14e+02 -1.00e+05
2010 04 14  1835   55300  66900   1.33e+01  2.74e-01  2.40e-01  1.85e-01  1.75e-01  1.50e-01  1.29e+04  4.33e+02 -1.00e+05
2010 04 14  1840   55300  67200   1.35e+01  2.28e-01  1.94e-01  1.39e-01  1.28e-01  1.04e-01  1.32e+04  4.37e+02 -1.00e+05
2010 04 14  1845   55300  67500   1.97e+01  2.91e-01  1.56e-01  8.30e-02  7.20e-02  4.77e-02  1.36e+04  4.40e+02 -1.00e+05
2010 04 14  1850   55300  67800   2.21e+01  6.19e-01  3.95e-01  1.97e-01  1.85e-01  1.26e-01  1.33e+04  4.65e+02 -1.00e+05
2010 04 14  1855   55300  68100   1.30e+01  2.45e-01  2.11e-01  1.56e-01  1.32e-01  7.93e-02  1.32e+04  4.73e+02 -1.00e+05
2010 04 14  1900   55300  68400   1.42e+01  3.15e-01  2.81e-01  2.27e-01  2.05e-01  1.25e-01  1.46e+04  4.91e+02 -1.00e+05
2010 04 14  1905   55300  68700   1.24e+01  2.13e-01  1.79e-01  1.25e-01  1.03e-01  7.49e-02  1.28e+04  4.65e+02 -1.00e+05
2010 04 14  1910   55300  69000   1.21e+01  2.78e-01  2.44e-01  1.42e-01  1.31e-01  1.06e-01  1.26e+04  4.52e+02 -1.00e+05
2010 04 14  1915   55300  69300   1.20e+01  2.21e-01  1.87e-01  1.33e-01  1.22e-01  7.54e-02  1.22e+04  4.84e+02 -1.00e+05
2010 04 14  1920   55300  69600   1.25e+01  7.21e-01  6.87e-01  2.28e-01  1.58e-01  1.27e-01  1.23e+04  4.80e+02 -1.00e+05
2010 04 14  1925   55300  69900   1.71e+01  2.68e-01  1.85e-01  1.21e-01  1.11e-01  8.61e-02  1.10e+04  5.26e+02 -1.00e+05
2010 04 14  1930   55300  70200   1.36e+01  1.84e-01  1.50e-01  9.54e-02  8.44e-02  6.00e-02  1.31e+04  5.01e+02 -1.00e+05
2010 04 14  1935   55300  70500   1.53e+01  2.86e-01  2.53e-01  1.96e-01  1.42e-01  1.05e-01  1.26e+04  4.96e+02 -1.00e+05
2010 04 14  1940   55300  70800   1.62e+01  1.94e-01  1.60e-01  1.05e-01  9.43e-02  6.99e-02  1.22e+04  5.08e+02 -1.00e+05
2010 04 14  1945   55300  71100   1.46e+01  1.99e-01  1.65e-01  1.10e-01  9.92e-02  5.47e-02  1.25e+04  4.88e+02 -1.00e+05
2010 04 14  1950   55300  71400   1.40e+01  2.01e-01  1.67e-01  1.13e-01  1.02e-01  7.74e-02  1.21e+04  4.72e+02 -1.00e+05
2010 04 14  1955   55300  71700   1.57e+01  1.97e-01  1.63e-01  1.08e-01  7.92e-02  4.67e-02  1.29e+04  4.75e+02 -1.00e+05
2010 04 14  2000   55300  72000   1.51e+01  1.71e-01  1.37e-01  8.30e-02  7.20e-02  4.77e-02  1.28e+04  4.88e+02 -1.00e+05
2010 04 14  2005   55300  72300   2.26e+01  3.59e-01  2.26e-01  1.05e-01  9.45e-02  7.01e-02  1.29e+04  4.84e+02 -1.00e+05
2010 04 14  2010   55300  72600   1.40e+01  2.20e-01  1.86e-01  1.31e-01  1.20e-01  9.58e-02  1.31e+04  4.66e+02 -1.00e+05
2010 04 14  2015   55300  72900   1.17e+01  3.34e-01  3.00e-01  2.43e-01  1.57e-01  5.38e-02  1.23e+04  4.58e+02 -1.00e+05
2010 04 14  2020   55300  73200   8.86e+00  2.13e-01  1.80e-01  1.25e-01  1.14e-01  8.97e-02  1.10e+04  4.44e+02 -1.00e+05
2010 04 14  2025   55300  73500   1.21e+01  1.95e-01  1.61e-01  1.06e-01  9.53e-02  7.09e-02  1.12e+04  4.51e+02 -1.00e+05
2010 04 14  2030   55300  73800   1.29e+01  2.78e-01  2.44e-01  9.79e-02  8.69e-02  6.25e-02  1.23e+04  4.40e+02 -1.00e+05
2010 04 14  2035   55300  74100  -1.00e+05 -1.00e+05 -1.00e+05 -1.00e+05 -1.00e+05 -1.00e+05 -1.00e+05 -1.00e+05 -1.00e+05
2010 04 14  2040   55300  74400  -1.00e+05 -1.00e+05 -1.00e+05 -1.00e+05 -1.00e+05 -1.00e+05 -1.00e+05 -1.00e+05 -1.00e+05
2010 04 14  2045   55300  74700  -1.00e+05 -1.00e+05 -1.00e+05 -1.00e+05 -1.00e+05 -1.00e+05 -1.00e+05 -1.00e+05 -1.00e+05
2010 04 14  2050   55300  75000  -1.00e+05 -1.00e+05 -1.00e+05 -1.00e+05 -1.00e+05 -1.00e+05 -1.00e+05 -1.00e+05 -1.00e+05
2010 04 14  2055   55300  75300  -1.00e+05 -1.00e+05 -1.00e+05 -1.00e+05 -1.00e+05 -1.00e+05 -1.00e+05 -1.00e+05 -1.00e+05
2010 04 14  2100   55300  75600   2.26e+01  3.83e-01  1.76e-01  1.18e-01  1.07e-01  8.23e-02  1.33e+04  1.13e+03 -1.00e+05
2010 04 14  2105   55300  75900   1.10e+01  2.79e-01  2.46e-01  1.48e-01  1.24e-01  9.62e-02  1.30e+04  1.11e+03 -1.00e+05
2010 04 14  2110   55300  76200   1.58e+01  3.40e-01  2.09e-01  1.37e-01  1.26e-01  1.01e-01  1.34e+04  1.20e+03 -1.00e+05
2010 04 14  2115   55300  76500  -1.00e+05 -1.00e+05 -1.00e+05 -1.00e+05 -1.00e+05 -1.00e+05 -1.00e+05 -1.00e+05 -1.00e+05
2010 04 14  2120   55300  76800   9.80e+00  1.96e-01  1.62e-01  1.08e-01  9.68e-02  7.24e-02  1.30e+04  1.12e+03 -1.00e+05
2010 04 14  2125   55300  77100   8.58e+00  2.70e-01  2.36e-01  1.73e-01  1.44e-01  1.01e-01  1.25e+04  1.08e+03 -1.00e+05
2010 04 14  2130   55300  77400   8.75e+00  2.59e-01  2.25e-01  1.26e-01  1.15e-01  9.07e-02  1.27e+04  1.04e+03 -1.00e+05
2010 04 14  2135   55300  77700   8.77e+00  1.99e-01  1.65e-01  1.10e-01  9.93e-02  7.49e-02  1.25e+04  1.00e+03 -1.00e+05
2010 04 14  2140   55300  78000   9.31e+00  2.04e-01  1.70e-01  1.15e-01  1.04e-01  7.99e-02  1.30e+04  9.61e+02 -1.00e+05
2010 04 14  2145   55300  78300   7.90e+00  1.88e-01  1.54e-01  9.96e-02  8.86e-02  5.80e-02  1.20e+04  8.60e+02 -1.00e+05
2010 04 14  2150   55300  78600   1.13e+01  3.27e-01  1.96e-01  1.23e-01  1.12e-01  8.81e-02  1.04e+04  7.20e+02 -1.00e+05
2010 04 14  2155   55300  78900   6.14e+00  2.32e-01  1.98e-01  1.42e-01  9.22e-02  6.00e-02  1.10e+04  6.40e+02 -1.00e+05
2010 04 14  2200   55300  79200   4.69e+00  3.93e-01  3.59e-01  2.73e-01  1.88e-01  9.67e-02  1.02e+04  5.97e+02 -1.00e+05
2010 04 14  2205   55300  79500   3.04e+00  2.05e-01  1.71e-01  1.16e-01  1.06e-01  8.11e-02  9.09e+03  5.05e+02 -1.00e+05
2010 04 14  2210   55300  79800   2.17e+00  1.98e-01  1.64e-01  1.10e-01  9.72e-02  7.24e-02  7.64e+03  3.65e+02 -1.00e+05
2010 04 14  2215   55300  80100   3.28e+00  2.85e-01  1.49e-01  9.06e-02  7.95e-02  5.51e-02  5.43e+03  1.90e+02 -1.00e+05
2010 04 14  2220   55300  80400  -1.00e+05 -1.00e+05 -1.00e+05 -1.00e+05 -1.00e+05 -1.00e+05 -1.00e+05 -1.00e+05 -1.00e+05
2010 04 14  2225   55300  80700   2.19e+00  1.59e-01  1.25e-01  7.07e-02  5.82e-02  2.77e-02  2.77e+03  8.67e+01 -1.00e+05
2010 04 14  2230   55300  81000   2.66e+00  2.05e-01  1.71e-01  1.17e-01  1.06e-01  8.13e-02  2.55e+03  7.98e+01 -1.00e+05
2010 04 14  2235   55300  81300   2.44e+00  1.91e-01  1.57e-01  1.02e-01  8.01e-02  5.26e-02  3.68e+03  1.15e+02 -1.00e+05
2010 04 14  2240   55300  81600   3.38e+00  3.97e-01  3.14e-01  1.29e-01  1.18e-01  9.36e-02  3.85e+03  1.36e+02 -1.00e+05
2010 04 14  2245   55300  81900   2.04e+00  2.61e-01  2.27e-01  1.70e-01  1.19e-01  8.72e-02  4.86e+03  1.62e+02 -1.00e+05
2010 04 14  2250   55300  82200   1.90e+00  3.08e-01  2.74e-01  1.80e-01  1.37e-01  1.04e-01  4.39e+03  9.54e+01 -1.00e+05
2010 04 14  2255   55300  82500   1.80e+00  2.56e-01  2.23e-01  1.68e-01  1.45e-01  1.03e-01  1.89e+03  5.17e+01 -1.00e+05
2010 04 14  2300   55300  82800   2.52e+00  2.28e-01  1.95e-01  1.40e-01  1.17e-01  8.95e-02  1.97e+03  6.89e+01 -1.00e+05
2010 04 14  2305   55300  83100   7.05e+00  2.16e-01  1.82e-01  1.27e-01  1.16e-01  9.20e-02  2.02e+03  6.68e+01 -1.00e+05
2010 04 14  2310   55300  83400   4.60e+00  2.60e-01  1.75e-01  1.12e-01  1.01e-01  7.65e-02  1.47e+03  4.99e+01 -1.00e+05
2010 04 14  2315   55300  83700   1.45e+01  3.55e-01  3.10e-01  2.52e-01  1.79e-01  9.83e-02  9.54e+02  3.62e+01 -1.00e+05
2010 04 14  2320   55300  84000   3.89e+01  2.38e-01  2.04e-01  1.49e-01  1.30e-01  1.03e-01  2.62e+03  9.61e+01 -1.00e+05
2010 04 14  2325   55300  84300   1.66e+01  2.82e-01  2.48e-01  1.45e-01  1.07e-01  7.52e-02  3.70e+03  1.33e+02 -1.00e+05
2010 04 14  2330   55300  84600   1.43e+01  2.75e-01  2.41e-01  1.48e-01  1.37e-01  1.13e-01  4.38e+03  1.95e+02 -1.00e+05
2010 04 14  2335   55300  84900   1.01e+01  1.97e-01  1.63e-01  1.08e-01  9.74e-02  4.74e-02  5.31e+03  2.19e+02 -1.00e+05
2010 04 14  2340   55300  85200   7.80e+00  2.18e-01  1.84e-01  1.30e-01  1.19e-01  6.44e-02  4.84e+03  2.07e+02 -1.00e+05
2010 04 14  2345   55300  85500   9.17e+00  2.62e-01  2.28e-01  1.71e-01  1.12e-01  7.99e-02  4.69e+03  1.74e+02 -1.00e+05
2010 04 14  2350   55300  85800   9.12e+00  2.55e-01  2.22e-01  1.66e-01  1.18e-01  8.29e-02  3.74e+03  1.60e+02 -1.00e+05
2010 04 14  2355   55300  86100   2.50e+01  3.92e-01  2.31e-01  1.13e-01  1.02e-01  7.74e-02  4.48e+03  1.89e+02 -1.00e+05
