:Data_list: 20100413_G12part_5m.txt
:Created: 2010 Apr 14 0013 UTC
# Prepared by the U.S. Dept. of Commerce, NOAA, Space Weather Prediction Center
# Please send comments and suggestions to SWPC.Webmaster@noaa.gov 
# 
# Label: P > 1 = Particles at >1 Mev
# Label: P > 5 = Particles at >5 Mev
# Label: P >10 = Particles at >10 Mev
# Label: P >30 = Particles at >30 Mev
# Label: P >50 = Particles at >50 Mev
# Label: P>100 = Particles at >100 Mev
# Label: E>0.6 = Electrons at >0.6 Mev
# Label: E>2.0 = Electrons at >2.0 Mev
# Label: E>4.0 = Electrons at >4.0 Mev (not available)
# Units: Particles = Protons/cm2-s-sr
# Units: Electrons = Electrons/cm2-s-sr
# Source: GOES-12
# Location: W074
# Missing data: -1.00e+05
# GOES12 integral proton flux not calculated due to P6/7 channel failures.
#                      5-minute  GOES-12 Solar Particle and Electron Flux
#
#                 Modified Seconds
# UTC Date  Time   Julian  of the
# YR MO DA  HHMM    Day     Day     P > 1     P > 5     P >10     P >30     P >50     P>100     E>0.6     E>2.0     E>4.0
#-------------------------------------------------------------------------------------------------------------------------
2010 04 13  0000   55299      0  -1.00e+05 -1.00e+05 -1.00e+05 -1.00e+05 -1.00e+05 -1.00e+05  9.00e+05  6.74e+01 -1.00e+05
2010 04 13  0005   55299    300  -1.00e+05 -1.00e+05 -1.00e+05 -1.00e+05 -1.00e+05 -1.00e+05  9.13e+05  7.71e+01 -1.00e+05
2010 04 13  0010   55299    600  -1.00e+05 -1.00e+05 -1.00e+05 -1.00e+05 -1.00e+05 -1.00e+05  9.33e+05  7.01e+01 -1.00e+05
2010 04 13  0015   55299    900  -1.00e+05 -1.00e+05 -1.00e+05 -1.00e+05 -1.00e+05 -1.00e+05  9.24e+05  7.37e+01 -1.00e+05
2010 04 13  0020   55299   1200  -1.00e+05 -1.00e+05 -1.00e+05 -1.00e+05 -1.00e+05 -1.00e+05  9.87e+05  6.90e+01 -1.00e+05
2010 04 13  0025   55299   1500  -1.00e+05 -1.00e+05 -1.00e+05 -1.00e+05 -1.00e+05 -1.00e+05  9.90e+05  6.97e+01 -1.00e+05
2010 04 13  0030   55299   1800  -1.00e+05 -1.00e+05 -1.00e+05 -1.00e+05 -1.00e+05 -1.00e+05  1.04e+06  6.85e+01 -1.00e+05
2010 04 13  0035   55299   2100  -1.00e+05 -1.00e+05 -1.00e+05 -1.00e+05 -1.00e+05 -1.00e+05  1.03e+06  6.80e+01 -1.00e+05
2010 04 13  0040   55299   2400  -1.00e+05 -1.00e+05 -1.00e+05 -1.00e+05 -1.00e+05 -1.00e+05  9.55e+05  7.47e+01 -1.00e+05
2010 04 13  0045   55299   2700  -1.00e+05 -1.00e+05 -1.00e+05 -1.00e+05 -1.00e+05 -1.00e+05  1.05e+06  7.36e+01 -1.00e+05
2010 04 13  0050   55299   3000  -1.00e+05 -1.00e+05 -1.00e+05 -1.00e+05 -1.00e+05 -1.00e+05  9.58e+05  7.12e+01 -1.00e+05
2010 04 13  0055   55299   3300  -1.00e+05 -1.00e+05 -1.00e+05 -1.00e+05 -1.00e+05 -1.00e+05  1.06e+06  6.86e+01 -1.00e+05
2010 04 13  0100   55299   3600  -1.00e+05 -1.00e+05 -1.00e+05 -1.00e+05 -1.00e+05 -1.00e+05  1.05e+06  8.37e+01 -1.00e+05
2010 04 13  0105   55299   3900  -1.00e+05 -1.00e+05 -1.00e+05 -1.00e+05 -1.00e+05 -1.00e+05  1.05e+06  6.65e+01 -1.00e+05
2010 04 13  0110   55299   4200  -1.00e+05 -1.00e+05 -1.00e+05 -1.00e+05 -1.00e+05 -1.00e+05  1.04e+06  6.86e+01 -1.00e+05
2010 04 13  0115   55299   4500  -1.00e+05 -1.00e+05 -1.00e+05 -1.00e+05 -1.00e+05 -1.00e+05  1.05e+06  6.66e+01 -1.00e+05
2010 04 13  0120   55299   4800  -1.00e+05 -1.00e+05 -1.00e+05 -1.00e+05 -1.00e+05 -1.00e+05  1.02e+06  6.92e+01 -1.00e+05
2010 04 13  0125   55299   5100  -1.00e+05 -1.00e+05 -1.00e+05 -1.00e+05 -1.00e+05 -1.00e+05  1.05e+06  7.46e+01 -1.00e+05
2010 04 13  0130   55299   5400  -1.00e+05 -1.00e+05 -1.00e+05 -1.00e+05 -1.00e+05 -1.00e+05  9.98e+05  7.10e+01 -1.00e+05
2010 04 13  0135   55299   5700  -1.00e+05 -1.00e+05 -1.00e+05 -1.00e+05 -1.00e+05 -1.00e+05  9.80e+05  7.50e+01 -1.00e+05
2010 04 13  0140   55299   6000  -1.00e+05 -1.00e+05 -1.00e+05 -1.00e+05 -1.00e+05 -1.00e+05  1.01e+06  8.26e+01 -1.00e+05
2010 04 13  0145   55299   6300  -1.00e+05 -1.00e+05 -1.00e+05 -1.00e+05 -1.00e+05 -1.00e+05  1.04e+06  7.34e+01 -1.00e+05
2010 04 13  0150   55299   6600  -1.00e+05 -1.00e+05 -1.00e+05 -1.00e+05 -1.00e+05 -1.00e+05  1.00e+06  7.47e+01 -1.00e+05
2010 04 13  0155   55299   6900  -1.00e+05 -1.00e+05 -1.00e+05 -1.00e+05 -1.00e+05 -1.00e+05  9.79e+05  7.85e+01 -1.00e+05
2010 04 13  0200   55299   7200  -1.00e+05 -1.00e+05 -1.00e+05 -1.00e+05 -1.00e+05 -1.00e+05  9.97e+05  8.14e+01 -1.00e+05
2010 04 13  0205   55299   7500  -1.00e+05 -1.00e+05 -1.00e+05 -1.00e+05 -1.00e+05 -1.00e+05  1.01e+06  8.22e+01 -1.00e+05
2010 04 13  0210   55299   7800  -1.00e+05 -1.00e+05 -1.00e+05 -1.00e+05 -1.00e+05 -1.00e+05  1.00e+06  7.46e+01 -1.00e+05
2010 04 13  0215   55299   8100  -1.00e+05 -1.00e+05 -1.00e+05 -1.00e+05 -1.00e+05 -1.00e+05  9.72e+05  6.85e+01 -1.00e+05
2010 04 13  0220   55299   8400  -1.00e+05 -1.00e+05 -1.00e+05 -1.00e+05 -1.00e+05 -1.00e+05  9.78e+05  8.96e+01 -1.00e+05
2010 04 13  0225   55299   8700  -1.00e+05 -1.00e+05 -1.00e+05 -1.00e+05 -1.00e+05 -1.00e+05  9.38e+05  9.19e+01 -1.00e+05
2010 04 13  0230   55299   9000  -1.00e+05 -1.00e+05 -1.00e+05 -1.00e+05 -1.00e+05 -1.00e+05  9.44e+05  8.64e+01 -1.00e+05
2010 04 13  0235   55299   9300  -1.00e+05 -1.00e+05 -1.00e+05 -1.00e+05 -1.00e+05 -1.00e+05  9.20e+05  8.53e+01 -1.00e+05
2010 04 13  0240   55299   9600  -1.00e+05 -1.00e+05 -1.00e+05 -1.00e+05 -1.00e+05 -1.00e+05  7.95e+05  7.95e+01 -1.00e+05
2010 04 13  0245   55299   9900  -1.00e+05 -1.00e+05 -1.00e+05 -1.00e+05 -1.00e+05 -1.00e+05  8.65e+05  8.20e+01 -1.00e+05
2010 04 13  0250   55299  10200  -1.00e+05 -1.00e+05 -1.00e+05 -1.00e+05 -1.00e+05 -1.00e+05  9.18e+05  8.95e+01 -1.00e+05
2010 04 13  0255   55299  10500  -1.00e+05 -1.00e+05 -1.00e+05 -1.00e+05 -1.00e+05 -1.00e+05  8.82e+05  9.16e+01 -1.00e+05
2010 04 13  0300   55299  10800  -1.00e+05 -1.00e+05 -1.00e+05 -1.00e+05 -1.00e+05 -1.00e+05  8.68e+05  8.52e+01 -1.00e+05
2010 04 13  0305   55299  11100  -1.00e+05 -1.00e+05 -1.00e+05 -1.00e+05 -1.00e+05 -1.00e+05  8.30e+05  8.61e+01 -1.00e+05
2010 04 13  0310   55299  11400  -1.00e+05 -1.00e+05 -1.00e+05 -1.00e+05 -1.00e+05 -1.00e+05  8.27e+05  9.08e+01 -1.00e+05
2010 04 13  0315   55299  11700  -1.00e+05 -1.00e+05 -1.00e+05 -1.00e+05 -1.00e+05 -1.00e+05  8.72e+05  1.00e+02 -1.00e+05
2010 04 13  0320   55299  12000  -1.00e+05 -1.00e+05 -1.00e+05 -1.00e+05 -1.00e+05 -1.00e+05  8.51e+05  9.03e+01 -1.00e+05
2010 04 13  0325   55299  12300  -1.00e+05 -1.00e+05 -1.00e+05 -1.00e+05 -1.00e+05 -1.00e+05  8.42e+05  9.39e+01 -1.00e+05
2010 04 13  0330   55299  12600  -1.00e+05 -1.00e+05 -1.00e+05 -1.00e+05 -1.00e+05 -1.00e+05  8.41e+05  9.28e+01 -1.00e+05
2010 04 13  0335   55299  12900  -1.00e+05 -1.00e+05 -1.00e+05 -1.00e+05 -1.00e+05 -1.00e+05  8.16e+05  9.17e+01 -1.00e+05
2010 04 13  0340   55299  13200  -1.00e+05 -1.00e+05 -1.00e+05 -1.00e+05 -1.00e+05 -1.00e+05  8.07e+05  9.22e+01 -1.00e+05
2010 04 13  0345   55299  13500  -1.00e+05 -1.00e+05 -1.00e+05 -1.00e+05 -1.00e+05 -1.00e+05  7.96e+05  9.16e+01 -1.00e+05
2010 04 13  0350   55299  13800  -1.00e+05 -1.00e+05 -1.00e+05 -1.00e+05 -1.00e+05 -1.00e+05  7.86e+05  9.14e+01 -1.00e+05
2010 04 13  0355   55299  14100  -1.00e+05 -1.00e+05 -1.00e+05 -1.00e+05 -1.00e+05 -1.00e+05  7.79e+05  9.70e+01 -1.00e+05
2010 04 13  0400   55299  14400  -1.00e+05 -1.00e+05 -1.00e+05 -1.00e+05 -1.00e+05 -1.00e+05  7.59e+05  9.05e+01 -1.00e+05
2010 04 13  0405   55299  14700  -1.00e+05 -1.00e+05 -1.00e+05 -1.00e+05 -1.00e+05 -1.00e+05  6.67e+05  8.70e+01 -1.00e+05
2010 04 13  0410   55299  15000  -1.00e+05 -1.00e+05 -1.00e+05 -1.00e+05 -1.00e+05 -1.00e+05  7.05e+05  9.60e+01 -1.00e+05
2010 04 13  0415   55299  15300  -1.00e+05 -1.00e+05 -1.00e+05 -1.00e+05 -1.00e+05 -1.00e+05  6.77e+05  1.00e+02 -1.00e+05
2010 04 13  0420   55299  15600  -1.00e+05 -1.00e+05 -1.00e+05 -1.00e+05 -1.00e+05 -1.00e+05  6.46e+05  1.05e+02 -1.00e+05
2010 04 13  0425   55299  15900  -1.00e+05 -1.00e+05 -1.00e+05 -1.00e+05 -1.00e+05 -1.00e+05  6.70e+05  9.40e+01 -1.00e+05
2010 04 13  0430   55299  16200  -1.00e+05 -1.00e+05 -1.00e+05 -1.00e+05 -1.00e+05 -1.00e+05  6.16e+05  9.40e+01 -1.00e+05
2010 04 13  0435   55299  16500  -1.00e+05 -1.00e+05 -1.00e+05 -1.00e+05 -1.00e+05 -1.00e+05  6.68e+05  1.06e+02 -1.00e+05
2010 04 13  0440   55299  16800  -1.00e+05 -1.00e+05 -1.00e+05 -1.00e+05 -1.00e+05 -1.00e+05  6.24e+05  1.02e+02 -1.00e+05
2010 04 13  0445   55299  17100  -1.00e+05 -1.00e+05 -1.00e+05 -1.00e+05 -1.00e+05 -1.00e+05  5.84e+05  9.72e+01 -1.00e+05
2010 04 13  0450   55299  17400  -1.00e+05 -1.00e+05 -1.00e+05 -1.00e+05 -1.00e+05 -1.00e+05  6.26e+05  9.51e+01 -1.00e+05
2010 04 13  0455   55299  17700  -1.00e+05 -1.00e+05 -1.00e+05 -1.00e+05 -1.00e+05 -1.00e+05  5.73e+05  1.00e+02 -1.00e+05
2010 04 13  0500   55299  18000  -1.00e+05 -1.00e+05 -1.00e+05 -1.00e+05 -1.00e+05 -1.00e+05  5.93e+05  1.01e+02 -1.00e+05
2010 04 13  0505   55299  18300  -1.00e+05 -1.00e+05 -1.00e+05 -1.00e+05 -1.00e+05 -1.00e+05  5.82e+05  1.09e+02 -1.00e+05
2010 04 13  0510   55299  18600  -1.00e+05 -1.00e+05 -1.00e+05 -1.00e+05 -1.00e+05 -1.00e+05  5.68e+05  1.04e+02 -1.00e+05
2010 04 13  0515   55299  18900  -1.00e+05 -1.00e+05 -1.00e+05 -1.00e+05 -1.00e+05 -1.00e+05  5.11e+05  1.07e+02 -1.00e+05
2010 04 13  0520   55299  19200  -1.00e+05 -1.00e+05 -1.00e+05 -1.00e+05 -1.00e+05 -1.00e+05  5.27e+05  1.18e+02 -1.00e+05
2010 04 13  0525   55299  19500  -1.00e+05 -1.00e+05 -1.00e+05 -1.00e+05 -1.00e+05 -1.00e+05  5.11e+05  1.06e+02 -1.00e+05
2010 04 13  0530   55299  19800  -1.00e+05 -1.00e+05 -1.00e+05 -1.00e+05 -1.00e+05 -1.00e+05  5.03e+05  1.01e+02 -1.00e+05
2010 04 13  0535   55299  20100  -1.00e+05 -1.00e+05 -1.00e+05 -1.00e+05 -1.00e+05 -1.00e+05  4.94e+05  1.09e+02 -1.00e+05
2010 04 13  0540   55299  20400  -1.00e+05 -1.00e+05 -1.00e+05 -1.00e+05 -1.00e+05 -1.00e+05  4.84e+05  9.46e+01 -1.00e+05
2010 04 13  0545   55299  20700  -1.00e+05 -1.00e+05 -1.00e+05 -1.00e+05 -1.00e+05 -1.00e+05  4.82e+05  1.02e+02 -1.00e+05
2010 04 13  0550   55299  21000  -1.00e+05 -1.00e+05 -1.00e+05 -1.00e+05 -1.00e+05 -1.00e+05  4.74e+05  1.09e+02 -1.00e+05
2010 04 13  0555   55299  21300  -1.00e+05 -1.00e+05 -1.00e+05 -1.00e+05 -1.00e+05 -1.00e+05  4.67e+05  1.18e+02 -1.00e+05
2010 04 13  0600   55299  21600  -1.00e+05 -1.00e+05 -1.00e+05 -1.00e+05 -1.00e+05 -1.00e+05  4.57e+05  1.17e+02 -1.00e+05
2010 04 13  0605   55299  21900  -1.00e+05 -1.00e+05 -1.00e+05 -1.00e+05 -1.00e+05 -1.00e+05  4.53e+05  1.12e+02 -1.00e+05
2010 04 13  0610   55299  22200  -1.00e+05 -1.00e+05 -1.00e+05 -1.00e+05 -1.00e+05 -1.00e+05  4.38e+05  1.12e+02 -1.00e+05
2010 04 13  0615   55299  22500  -1.00e+05 -1.00e+05 -1.00e+05 -1.00e+05 -1.00e+05 -1.00e+05  4.29e+05  1.14e+02 -1.00e+05
2010 04 13  0620   55299  22800  -1.00e+05 -1.00e+05 -1.00e+05 -1.00e+05 -1.00e+05 -1.00e+05  3.89e+05  1.19e+02 -1.00e+05
2010 04 13  0625   55299  23100  -1.00e+05 -1.00e+05 -1.00e+05 -1.00e+05 -1.00e+05 -1.00e+05  3.97e+05  1.12e+02 -1.00e+05
2010 04 13  0630   55299  23400  -1.00e+05 -1.00e+05 -1.00e+05 -1.00e+05 -1.00e+05 -1.00e+05  3.89e+05  1.15e+02 -1.00e+05
2010 04 13  0635   55299  23700  -1.00e+05 -1.00e+05 -1.00e+05 -1.00e+05 -1.00e+05 -1.00e+05  2.86e+05  1.12e+02 -1.00e+05
2010 04 13  0640   55299  24000  -1.00e+05 -1.00e+05 -1.00e+05 -1.00e+05 -1.00e+05 -1.00e+05  2.77e+05  1.08e+02 -1.00e+05
2010 04 13  0645   55299  24300  -1.00e+05 -1.00e+05 -1.00e+05 -1.00e+05 -1.00e+05 -1.00e+05  3.41e+05  1.02e+02 -1.00e+05
2010 04 13  0650   55299  24600  -1.00e+05 -1.00e+05 -1.00e+05 -1.00e+05 -1.00e+05 -1.00e+05  3.11e+05  1.19e+02 -1.00e+05
2010 04 13  0655   55299  24900  -1.00e+05 -1.00e+05 -1.00e+05 -1.00e+05 -1.00e+05 -1.00e+05  3.14e+05  1.30e+02 -1.00e+05
2010 04 13  0700   55299  25200  -1.00e+05 -1.00e+05 -1.00e+05 -1.00e+05 -1.00e+05 -1.00e+05  3.08e+05  1.52e+02 -1.00e+05
2010 04 13  0705   55299  25500  -1.00e+05 -1.00e+05 -1.00e+05 -1.00e+05 -1.00e+05 -1.00e+05  5.13e+04  1.48e+02 -1.00e+05
2010 04 13  0710   55299  25800  -1.00e+05 -1.00e+05 -1.00e+05 -1.00e+05 -1.00e+05 -1.00e+05  5.06e+04  1.36e+02 -1.00e+05
2010 04 13  0715   55299  26100  -1.00e+05 -1.00e+05 -1.00e+05 -1.00e+05 -1.00e+05 -1.00e+05  4.91e+04  1.45e+02 -1.00e+05
2010 04 13  0720   55299  26400  -1.00e+05 -1.00e+05 -1.00e+05 -1.00e+05 -1.00e+05 -1.00e+05  4.18e+04  1.38e+02 -1.00e+05
2010 04 13  0725   55299  26700  -1.00e+05 -1.00e+05 -1.00e+05 -1.00e+05 -1.00e+05 -1.00e+05  4.81e+04  1.59e+02 -1.00e+05
2010 04 13  0730   55299  27000  -1.00e+05 -1.00e+05 -1.00e+05 -1.00e+05 -1.00e+05 -1.00e+05  4.76e+04  1.57e+02 -1.00e+05
2010 04 13  0735   55299  27300  -1.00e+05 -1.00e+05 -1.00e+05 -1.00e+05 -1.00e+05 -1.00e+05  4.79e+04  1.69e+02 -1.00e+05
2010 04 13  0740   55299  27600  -1.00e+05 -1.00e+05 -1.00e+05 -1.00e+05 -1.00e+05 -1.00e+05  4.63e+04  1.59e+02 -1.00e+05
2010 04 13  0745   55299  27900  -1.00e+05 -1.00e+05 -1.00e+05 -1.00e+05 -1.00e+05 -1.00e+05  4.58e+04  1.65e+02 -1.00e+05
2010 04 13  0750   55299  28200  -1.00e+05 -1.00e+05 -1.00e+05 -1.00e+05 -1.00e+05 -1.00e+05  4.56e+04  1.58e+02 -1.00e+05
2010 04 13  0755   55299  28500  -1.00e+05 -1.00e+05 -1.00e+05 -1.00e+05 -1.00e+05 -1.00e+05  4.79e+04  1.69e+02 -1.00e+05
2010 04 13  0800   55299  28800  -1.00e+05 -1.00e+05 -1.00e+05 -1.00e+05 -1.00e+05 -1.00e+05  4.89e+04  1.80e+02 -1.00e+05
2010 04 13  0805   55299  29100  -1.00e+05 -1.00e+05 -1.00e+05 -1.00e+05 -1.00e+05 -1.00e+05  5.07e+04  1.60e+02 -1.00e+05
2010 04 13  0810   55299  29400  -1.00e+05 -1.00e+05 -1.00e+05 -1.00e+05 -1.00e+05 -1.00e+05  6.86e+04  1.53e+02 -1.00e+05
2010 04 13  0815   55299  29700  -1.00e+05 -1.00e+05 -1.00e+05 -1.00e+05 -1.00e+05 -1.00e+05  5.08e+04  1.75e+02 -1.00e+05
2010 04 13  0820   55299  30000  -1.00e+05 -1.00e+05 -1.00e+05 -1.00e+05 -1.00e+05 -1.00e+05  5.05e+04  1.84e+02 -1.00e+05
2010 04 13  0825   55299  30300  -1.00e+05 -1.00e+05 -1.00e+05 -1.00e+05 -1.00e+05 -1.00e+05  5.02e+04  1.69e+02 -1.00e+05
2010 04 13  0830   55299  30600  -1.00e+05 -1.00e+05 -1.00e+05 -1.00e+05 -1.00e+05 -1.00e+05  5.26e+04  1.72e+02 -1.00e+05
2010 04 13  0835   55299  30900  -1.00e+05 -1.00e+05 -1.00e+05 -1.00e+05 -1.00e+05 -1.00e+05  4.95e+04  1.67e+02 -1.00e+05
2010 04 13  0840   55299  31200  -1.00e+05 -1.00e+05 -1.00e+05 -1.00e+05 -1.00e+05 -1.00e+05  4.83e+04  1.62e+02 -1.00e+05
2010 04 13  0845   55299  31500  -1.00e+05 -1.00e+05 -1.00e+05 -1.00e+05 -1.00e+05 -1.00e+05  4.78e+04  1.67e+02 -1.00e+05
2010 04 13  0850   55299  31800  -1.00e+05 -1.00e+05 -1.00e+05 -1.00e+05 -1.00e+05 -1.00e+05  4.78e+04  1.68e+02 -1.00e+05
2010 04 13  0855   55299  32100  -1.00e+05 -1.00e+05 -1.00e+05 -1.00e+05 -1.00e+05 -1.00e+05  4.60e+04  1.59e+02 -1.00e+05
2010 04 13  0900   55299  32400  -1.00e+05 -1.00e+05 -1.00e+05 -1.00e+05 -1.00e+05 -1.00e+05  4.68e+04  1.60e+02 -1.00e+05
2010 04 13  0905   55299  32700  -1.00e+05 -1.00e+05 -1.00e+05 -1.00e+05 -1.00e+05 -1.00e+05  4.82e+04  1.87e+02 -1.00e+05
2010 04 13  0910   55299  33000  -1.00e+05 -1.00e+05 -1.00e+05 -1.00e+05 -1.00e+05 -1.00e+05  4.87e+04  1.61e+02 -1.00e+05
2010 04 13  0915   55299  33300  -1.00e+05 -1.00e+05 -1.00e+05 -1.00e+05 -1.00e+05 -1.00e+05  4.81e+04  1.81e+02 -1.00e+05
2010 04 13  0920   55299  33600  -1.00e+05 -1.00e+05 -1.00e+05 -1.00e+05 -1.00e+05 -1.00e+05  4.81e+04  1.75e+02 -1.00e+05
2010 04 13  0925   55299  33900  -1.00e+05 -1.00e+05 -1.00e+05 -1.00e+05 -1.00e+05 -1.00e+05  4.88e+04  1.79e+02 -1.00e+05
2010 04 13  0930   55299  34200  -1.00e+05 -1.00e+05 -1.00e+05 -1.00e+05 -1.00e+05 -1.00e+05  5.03e+04  1.72e+02 -1.00e+05
2010 04 13  0935   55299  34500  -1.00e+05 -1.00e+05 -1.00e+05 -1.00e+05 -1.00e+05 -1.00e+05  4.97e+04  1.79e+02 -1.00e+05
2010 04 13  0940   55299  34800  -1.00e+05 -1.00e+05 -1.00e+05 -1.00e+05 -1.00e+05 -1.00e+05  5.05e+04  1.72e+02 -1.00e+05
2010 04 13  0945   55299  35100  -1.00e+05 -1.00e+05 -1.00e+05 -1.00e+05 -1.00e+05 -1.00e+05  5.01e+04  1.78e+02 -1.00e+05
2010 04 13  0950   55299  35400  -1.00e+05 -1.00e+05 -1.00e+05 -1.00e+05 -1.00e+05 -1.00e+05  4.97e+04  1.74e+02 -1.00e+05
2010 04 13  0955   55299  35700  -1.00e+05 -1.00e+05 -1.00e+05 -1.00e+05 -1.00e+05 -1.00e+05  5.12e+04  1.86e+02 -1.00e+05
2010 04 13  1000   55299  36000  -1.00e+05 -1.00e+05 -1.00e+05 -1.00e+05 -1.00e+05 -1.00e+05  5.08e+04  1.88e+02 -1.00e+05
2010 04 13  1005   55299  36300  -1.00e+05 -1.00e+05 -1.00e+05 -1.00e+05 -1.00e+05 -1.00e+05  5.26e+04  1.88e+02 -1.00e+05
2010 04 13  1010   55299  36600  -1.00e+05 -1.00e+05 -1.00e+05 -1.00e+05 -1.00e+05 -1.00e+05  5.50e+04  2.03e+02 -1.00e+05
2010 04 13  1015   55299  36900  -1.00e+05 -1.00e+05 -1.00e+05 -1.00e+05 -1.00e+05 -1.00e+05  5.72e+04  2.00e+02 -1.00e+05
2010 04 13  1020   55299  37200  -1.00e+05 -1.00e+05 -1.00e+05 -1.00e+05 -1.00e+05 -1.00e+05  5.78e+04  1.98e+02 -1.00e+05
2010 04 13  1025   55299  37500  -1.00e+05 -1.00e+05 -1.00e+05 -1.00e+05 -1.00e+05 -1.00e+05  5.59e+04  2.03e+02 -1.00e+05
2010 04 13  1030   55299  37800  -1.00e+05 -1.00e+05 -1.00e+05 -1.00e+05 -1.00e+05 -1.00e+05  5.42e+04  1.99e+02 -1.00e+05
2010 04 13  1035   55299  38100  -1.00e+05 -1.00e+05 -1.00e+05 -1.00e+05 -1.00e+05 -1.00e+05  5.39e+04  1.91e+02 -1.00e+05
2010 04 13  1040   55299  38400  -1.00e+05 -1.00e+05 -1.00e+05 -1.00e+05 -1.00e+05 -1.00e+05  5.42e+04  2.15e+02 -1.00e+05
2010 04 13  1045   55299  38700  -1.00e+05 -1.00e+05 -1.00e+05 -1.00e+05 -1.00e+05 -1.00e+05  5.45e+04  1.79e+02 -1.00e+05
2010 04 13  1050   55299  39000  -1.00e+05 -1.00e+05 -1.00e+05 -1.00e+05 -1.00e+05 -1.00e+05  5.65e+04  1.94e+02 -1.00e+05
2010 04 13  1055   55299  39300  -1.00e+05 -1.00e+05 -1.00e+05 -1.00e+05 -1.00e+05 -1.00e+05  5.62e+04  2.15e+02 -1.00e+05
2010 04 13  1100   55299  39600  -1.00e+05 -1.00e+05 -1.00e+05 -1.00e+05 -1.00e+05 -1.00e+05  5.57e+04  2.15e+02 -1.00e+05
2010 04 13  1105   55299  39900  -1.00e+05 -1.00e+05 -1.00e+05 -1.00e+05 -1.00e+05 -1.00e+05  5.71e+04  2.04e+02 -1.00e+05
2010 04 13  1110   55299  40200  -1.00e+05 -1.00e+05 -1.00e+05 -1.00e+05 -1.00e+05 -1.00e+05  5.76e+04  2.18e+02 -1.00e+05
2010 04 13  1115   55299  40500  -1.00e+05 -1.00e+05 -1.00e+05 -1.00e+05 -1.00e+05 -1.00e+05  5.85e+04  2.17e+02 -1.00e+05
2010 04 13  1120   55299  40800  -1.00e+05 -1.00e+05 -1.00e+05 -1.00e+05 -1.00e+05 -1.00e+05  5.92e+04  2.12e+02 -1.00e+05
2010 04 13  1125   55299  41100  -1.00e+05 -1.00e+05 -1.00e+05 -1.00e+05 -1.00e+05 -1.00e+05  6.03e+04  2.13e+02 -1.00e+05
2010 04 13  1130   55299  41400  -1.00e+05 -1.00e+05 -1.00e+05 -1.00e+05 -1.00e+05 -1.00e+05  6.16e+04  2.18e+02 -1.00e+05
2010 04 13  1135   55299  41700  -1.00e+05 -1.00e+05 -1.00e+05 -1.00e+05 -1.00e+05 -1.00e+05  6.41e+04  2.24e+02 -1.00e+05
2010 04 13  1140   55299  42000  -1.00e+05 -1.00e+05 -1.00e+05 -1.00e+05 -1.00e+05 -1.00e+05  6.30e+04  2.23e+02 -1.00e+05
2010 04 13  1145   55299  42300  -1.00e+05 -1.00e+05 -1.00e+05 -1.00e+05 -1.00e+05 -1.00e+05  6.27e+04  2.22e+02 -1.00e+05
2010 04 13  1150   55299  42600  -1.00e+05 -1.00e+05 -1.00e+05 -1.00e+05 -1.00e+05 -1.00e+05  6.30e+04  2.23e+02 -1.00e+05
2010 04 13  1155   55299  42900  -1.00e+05 -1.00e+05 -1.00e+05 -1.00e+05 -1.00e+05 -1.00e+05  7.11e+04  2.18e+02 -1.00e+05
2010 04 13  1200   55299  43200  -1.00e+05 -1.00e+05 -1.00e+05 -1.00e+05 -1.00e+05 -1.00e+05  7.21e+04  2.25e+02 -1.00e+05
2010 04 13  1205   55299  43500  -1.00e+05 -1.00e+05 -1.00e+05 -1.00e+05 -1.00e+05 -1.00e+05  7.08e+04  2.19e+02 -1.00e+05
2010 04 13  1210   55299  43800  -1.00e+05 -1.00e+05 -1.00e+05 -1.00e+05 -1.00e+05 -1.00e+05  6.94e+04  2.11e+02 -1.00e+05
2010 04 13  1215   55299  44100  -1.00e+05 -1.00e+05 -1.00e+05 -1.00e+05 -1.00e+05 -1.00e+05  7.04e+04  2.23e+02 -1.00e+05
2010 04 13  1220   55299  44400  -1.00e+05 -1.00e+05 -1.00e+05 -1.00e+05 -1.00e+05 -1.00e+05  7.08e+04  2.43e+02 -1.00e+05
2010 04 13  1225   55299  44700  -1.00e+05 -1.00e+05 -1.00e+05 -1.00e+05 -1.00e+05 -1.00e+05  7.08e+04  2.42e+02 -1.00e+05
2010 04 13  1230   55299  45000  -1.00e+05 -1.00e+05 -1.00e+05 -1.00e+05 -1.00e+05 -1.00e+05  7.08e+04  2.31e+02 -1.00e+05
2010 04 13  1235   55299  45300  -1.00e+05 -1.00e+05 -1.00e+05 -1.00e+05 -1.00e+05 -1.00e+05  7.80e+04  2.38e+02 -1.00e+05
2010 04 13  1240   55299  45600  -1.00e+05 -1.00e+05 -1.00e+05 -1.00e+05 -1.00e+05 -1.00e+05  8.46e+04  2.55e+02 -1.00e+05
2010 04 13  1245   55299  45900  -1.00e+05 -1.00e+05 -1.00e+05 -1.00e+05 -1.00e+05 -1.00e+05  8.41e+04  2.34e+02 -1.00e+05
2010 04 13  1250   55299  46200  -1.00e+05 -1.00e+05 -1.00e+05 -1.00e+05 -1.00e+05 -1.00e+05  8.07e+04  2.43e+02 -1.00e+05
2010 04 13  1255   55299  46500  -1.00e+05 -1.00e+05 -1.00e+05 -1.00e+05 -1.00e+05 -1.00e+05  8.22e+04  2.20e+02 -1.00e+05
2010 04 13  1300   55299  46800  -1.00e+05 -1.00e+05 -1.00e+05 -1.00e+05 -1.00e+05 -1.00e+05  8.46e+04  2.31e+02 -1.00e+05
2010 04 13  1305   55299  47100  -1.00e+05 -1.00e+05 -1.00e+05 -1.00e+05 -1.00e+05 -1.00e+05  8.41e+04  2.46e+02 -1.00e+05
2010 04 13  1310   55299  47400  -1.00e+05 -1.00e+05 -1.00e+05 -1.00e+05 -1.00e+05 -1.00e+05  8.41e+04  2.65e+02 -1.00e+05
2010 04 13  1315   55299  47700  -1.00e+05 -1.00e+05 -1.00e+05 -1.00e+05 -1.00e+05 -1.00e+05  8.36e+04  2.68e+02 -1.00e+05
2010 04 13  1320   55299  48000  -1.00e+05 -1.00e+05 -1.00e+05 -1.00e+05 -1.00e+05 -1.00e+05  8.20e+04  2.61e+02 -1.00e+05
2010 04 13  1325   55299  48300  -1.00e+05 -1.00e+05 -1.00e+05 -1.00e+05 -1.00e+05 -1.00e+05  8.25e+04  2.56e+02 -1.00e+05
2010 04 13  1330   55299  48600  -1.00e+05 -1.00e+05 -1.00e+05 -1.00e+05 -1.00e+05 -1.00e+05  8.19e+04  2.60e+02 -1.00e+05
2010 04 13  1335   55299  48900  -1.00e+05 -1.00e+05 -1.00e+05 -1.00e+05 -1.00e+05 -1.00e+05  8.32e+04  2.68e+02 -1.00e+05
2010 04 13  1340   55299  49200  -1.00e+05 -1.00e+05 -1.00e+05 -1.00e+05 -1.00e+05 -1.00e+05  8.39e+04  2.58e+02 -1.00e+05
2010 04 13  1345   55299  49500  -1.00e+05 -1.00e+05 -1.00e+05 -1.00e+05 -1.00e+05 -1.00e+05  8.05e+04  2.70e+02 -1.00e+05
2010 04 13  1350   55299  49800  -1.00e+05 -1.00e+05 -1.00e+05 -1.00e+05 -1.00e+05 -1.00e+05  8.14e+04  2.53e+02 -1.00e+05
2010 04 13  1355   55299  50100  -1.00e+05 -1.00e+05 -1.00e+05 -1.00e+05 -1.00e+05 -1.00e+05  8.04e+04  2.65e+02 -1.00e+05
2010 04 13  1400   55299  50400  -1.00e+05 -1.00e+05 -1.00e+05 -1.00e+05 -1.00e+05 -1.00e+05  8.34e+04  2.70e+02 -1.00e+05
2010 04 13  1405   55299  50700  -1.00e+05 -1.00e+05 -1.00e+05 -1.00e+05 -1.00e+05 -1.00e+05  7.97e+04  2.74e+02 -1.00e+05
2010 04 13  1410   55299  51000  -1.00e+05 -1.00e+05 -1.00e+05 -1.00e+05 -1.00e+05 -1.00e+05  8.30e+04  2.74e+02 -1.00e+05
2010 04 13  1415   55299  51300  -1.00e+05 -1.00e+05 -1.00e+05 -1.00e+05 -1.00e+05 -1.00e+05  8.46e+04  2.74e+02 -1.00e+05
2010 04 13  1420   55299  51600  -1.00e+05 -1.00e+05 -1.00e+05 -1.00e+05 -1.00e+05 -1.00e+05  8.38e+04  2.77e+02 -1.00e+05
2010 04 13  1425   55299  51900  -1.00e+05 -1.00e+05 -1.00e+05 -1.00e+05 -1.00e+05 -1.00e+05  8.18e+04  2.74e+02 -1.00e+05
2010 04 13  1430   55299  52200  -1.00e+05 -1.00e+05 -1.00e+05 -1.00e+05 -1.00e+05 -1.00e+05  8.05e+04  2.67e+02 -1.00e+05
2010 04 13  1435   55299  52500  -1.00e+05 -1.00e+05 -1.00e+05 -1.00e+05 -1.00e+05 -1.00e+05  8.02e+04  2.70e+02 -1.00e+05
2010 04 13  1440   55299  52800  -1.00e+05 -1.00e+05 -1.00e+05 -1.00e+05 -1.00e+05 -1.00e+05  8.43e+04  2.81e+02 -1.00e+05
2010 04 13  1445   55299  53100  -1.00e+05 -1.00e+05 -1.00e+05 -1.00e+05 -1.00e+05 -1.00e+05  8.13e+04  2.76e+02 -1.00e+05
2010 04 13  1450   55299  53400  -1.00e+05 -1.00e+05 -1.00e+05 -1.00e+05 -1.00e+05 -1.00e+05  7.90e+04  2.69e+02 -1.00e+05
2010 04 13  1455   55299  53700  -1.00e+05 -1.00e+05 -1.00e+05 -1.00e+05 -1.00e+05 -1.00e+05  7.92e+04  2.75e+02 -1.00e+05
2010 04 13  1500   55299  54000  -1.00e+05 -1.00e+05 -1.00e+05 -1.00e+05 -1.00e+05 -1.00e+05  7.87e+04  2.79e+02 -1.00e+05
2010 04 13  1505   55299  54300  -1.00e+05 -1.00e+05 -1.00e+05 -1.00e+05 -1.00e+05 -1.00e+05  7.95e+04  2.89e+02 -1.00e+05
2010 04 13  1510   55299  54600  -1.00e+05 -1.00e+05 -1.00e+05 -1.00e+05 -1.00e+05 -1.00e+05  7.95e+04  2.89e+02 -1.00e+05
2010 04 13  1515   55299  54900  -1.00e+05 -1.00e+05 -1.00e+05 -1.00e+05 -1.00e+05 -1.00e+05  8.07e+04  2.99e+02 -1.00e+05
2010 04 13  1520   55299  55200  -1.00e+05 -1.00e+05 -1.00e+05 -1.00e+05 -1.00e+05 -1.00e+05  8.82e+04  3.00e+02 -1.00e+05
2010 04 13  1525   55299  55500  -1.00e+05 -1.00e+05 -1.00e+05 -1.00e+05 -1.00e+05 -1.00e+05  8.50e+04  2.95e+02 -1.00e+05
2010 04 13  1530   55299  55800  -1.00e+05 -1.00e+05 -1.00e+05 -1.00e+05 -1.00e+05 -1.00e+05  8.44e+04  3.03e+02 -1.00e+05
2010 04 13  1535   55299  56100  -1.00e+05 -1.00e+05 -1.00e+05 -1.00e+05 -1.00e+05 -1.00e+05  8.53e+04  2.85e+02 -1.00e+05
2010 04 13  1540   55299  56400  -1.00e+05 -1.00e+05 -1.00e+05 -1.00e+05 -1.00e+05 -1.00e+05  8.46e+04  2.86e+02 -1.00e+05
2010 04 13  1545   55299  56700  -1.00e+05 -1.00e+05 -1.00e+05 -1.00e+05 -1.00e+05 -1.00e+05  8.32e+04  3.03e+02 -1.00e+05
2010 04 13  1550   55299  57000  -1.00e+05 -1.00e+05 -1.00e+05 -1.00e+05 -1.00e+05 -1.00e+05  8.36e+04  2.99e+02 -1.00e+05
2010 04 13  1555   55299  57300  -1.00e+05 -1.00e+05 -1.00e+05 -1.00e+05 -1.00e+05 -1.00e+05  8.28e+04  3.03e+02 -1.00e+05
2010 04 13  1600   55299  57600  -1.00e+05 -1.00e+05 -1.00e+05 -1.00e+05 -1.00e+05 -1.00e+05  8.32e+04  2.95e+02 -1.00e+05
2010 04 13  1605   55299  57900  -1.00e+05 -1.00e+05 -1.00e+05 -1.00e+05 -1.00e+05 -1.00e+05  8.46e+04  3.11e+02 -1.00e+05
2010 04 13  1610   55299  58200  -1.00e+05 -1.00e+05 -1.00e+05 -1.00e+05 -1.00e+05 -1.00e+05  8.43e+04  3.11e+02 -1.00e+05
2010 04 13  1615   55299  58500  -1.00e+05 -1.00e+05 -1.00e+05 -1.00e+05 -1.00e+05 -1.00e+05  9.10e+04  3.00e+02 -1.00e+05
2010 04 13  1620   55299  58800  -1.00e+05 -1.00e+05 -1.00e+05 -1.00e+05 -1.00e+05 -1.00e+05  9.47e+04  2.98e+02 -1.00e+05
2010 04 13  1625   55299  59100  -1.00e+05 -1.00e+05 -1.00e+05 -1.00e+05 -1.00e+05 -1.00e+05  9.56e+04  3.25e+02 -1.00e+05
2010 04 13  1630   55299  59400  -1.00e+05 -1.00e+05 -1.00e+05 -1.00e+05 -1.00e+05 -1.00e+05  9.82e+04  3.37e+02 -1.00e+05
2010 04 13  1635   55299  59700  -1.00e+05 -1.00e+05 -1.00e+05 -1.00e+05 -1.00e+05 -1.00e+05  1.02e+05  3.39e+02 -1.00e+05
2010 04 13  1640   55299  60000  -1.00e+05 -1.00e+05 -1.00e+05 -1.00e+05 -1.00e+05 -1.00e+05  1.06e+05  3.33e+02 -1.00e+05
2010 04 13  1645   55299  60300  -1.00e+05 -1.00e+05 -1.00e+05 -1.00e+05 -1.00e+05 -1.00e+05  1.08e+05  3.26e+02 -1.00e+05
2010 04 13  1650   55299  60600  -1.00e+05 -1.00e+05 -1.00e+05 -1.00e+05 -1.00e+05 -1.00e+05  1.14e+05  3.52e+02 -1.00e+05
2010 04 13  1655   55299  60900  -1.00e+05 -1.00e+05 -1.00e+05 -1.00e+05 -1.00e+05 -1.00e+05  1.19e+05  3.56e+02 -1.00e+05
2010 04 13  1700   55299  61200  -1.00e+05 -1.00e+05 -1.00e+05 -1.00e+05 -1.00e+05 -1.00e+05  1.23e+05  3.62e+02 -1.00e+05
2010 04 13  1705   55299  61500  -1.00e+05 -1.00e+05 -1.00e+05 -1.00e+05 -1.00e+05 -1.00e+05  1.29e+05  3.46e+02 -1.00e+05
2010 04 13  1710   55299  61800  -1.00e+05 -1.00e+05 -1.00e+05 -1.00e+05 -1.00e+05 -1.00e+05  1.36e+05  3.46e+02 -1.00e+05
2010 04 13  1715   55299  62100  -1.00e+05 -1.00e+05 -1.00e+05 -1.00e+05 -1.00e+05 -1.00e+05  1.45e+05  3.48e+02 -1.00e+05
2010 04 13  1720   55299  62400  -1.00e+05 -1.00e+05 -1.00e+05 -1.00e+05 -1.00e+05 -1.00e+05  1.54e+05  3.60e+02 -1.00e+05
2010 04 13  1725   55299  62700  -1.00e+05 -1.00e+05 -1.00e+05 -1.00e+05 -1.00e+05 -1.00e+05  1.60e+05  3.51e+02 -1.00e+05
2010 04 13  1730   55299  63000  -1.00e+05 -1.00e+05 -1.00e+05 -1.00e+05 -1.00e+05 -1.00e+05  1.73e+05  3.73e+02 -1.00e+05
2010 04 13  1735   55299  63300  -1.00e+05 -1.00e+05 -1.00e+05 -1.00e+05 -1.00e+05 -1.00e+05  1.84e+05  3.51e+02 -1.00e+05
2010 04 13  1740   55299  63600  -1.00e+05 -1.00e+05 -1.00e+05 -1.00e+05 -1.00e+05 -1.00e+05  2.03e+05  3.34e+02 -1.00e+05
2010 04 13  1745   55299  63900  -1.00e+05 -1.00e+05 -1.00e+05 -1.00e+05 -1.00e+05 -1.00e+05  2.32e+05  3.40e+02 -1.00e+05
2010 04 13  1750   55299  64200  -1.00e+05 -1.00e+05 -1.00e+05 -1.00e+05 -1.00e+05 -1.00e+05  2.41e+05  3.40e+02 -1.00e+05
2010 04 13  1755   55299  64500  -1.00e+05 -1.00e+05 -1.00e+05 -1.00e+05 -1.00e+05 -1.00e+05  2.38e+05  3.47e+02 -1.00e+05
2010 04 13  1800   55299  64800  -1.00e+05 -1.00e+05 -1.00e+05 -1.00e+05 -1.00e+05 -1.00e+05  2.47e+05  3.53e+02 -1.00e+05
2010 04 13  1805   55299  65100  -1.00e+05 -1.00e+05 -1.00e+05 -1.00e+05 -1.00e+05 -1.00e+05  2.78e+05  3.52e+02 -1.00e+05
2010 04 13  1810   55299  65400  -1.00e+05 -1.00e+05 -1.00e+05 -1.00e+05 -1.00e+05 -1.00e+05  2.91e+05  3.45e+02 -1.00e+05
2010 04 13  1815   55299  65700  -1.00e+05 -1.00e+05 -1.00e+05 -1.00e+05 -1.00e+05 -1.00e+05  3.19e+05  3.59e+02 -1.00e+05
2010 04 13  1820   55299  66000  -1.00e+05 -1.00e+05 -1.00e+05 -1.00e+05 -1.00e+05 -1.00e+05  3.46e+05  3.29e+02 -1.00e+05
2010 04 13  1825   55299  66300  -1.00e+05 -1.00e+05 -1.00e+05 -1.00e+05 -1.00e+05 -1.00e+05  3.58e+05  3.20e+02 -1.00e+05
2010 04 13  1830   55299  66600  -1.00e+05 -1.00e+05 -1.00e+05 -1.00e+05 -1.00e+05 -1.00e+05  3.65e+05  3.32e+02 -1.00e+05
2010 04 13  1835   55299  66900  -1.00e+05 -1.00e+05 -1.00e+05 -1.00e+05 -1.00e+05 -1.00e+05  3.75e+05  3.33e+02 -1.00e+05
2010 04 13  1840   55299  67200  -1.00e+05 -1.00e+05 -1.00e+05 -1.00e+05 -1.00e+05 -1.00e+05  3.92e+05  3.22e+02 -1.00e+05
2010 04 13  1845   55299  67500  -1.00e+05 -1.00e+05 -1.00e+05 -1.00e+05 -1.00e+05 -1.00e+05  3.55e+05  3.43e+02 -1.00e+05
2010 04 13  1850   55299  67800  -1.00e+05 -1.00e+05 -1.00e+05 -1.00e+05 -1.00e+05 -1.00e+05  4.70e+05  3.18e+02 -1.00e+05
2010 04 13  1855   55299  68100  -1.00e+05 -1.00e+05 -1.00e+05 -1.00e+05 -1.00e+05 -1.00e+05  4.97e+05  3.15e+02 -1.00e+05
2010 04 13  1900   55299  68400  -1.00e+05 -1.00e+05 -1.00e+05 -1.00e+05 -1.00e+05 -1.00e+05  5.17e+05  3.27e+02 -1.00e+05
2010 04 13  1905   55299  68700  -1.00e+05 -1.00e+05 -1.00e+05 -1.00e+05 -1.00e+05 -1.00e+05  5.48e+05  3.23e+02 -1.00e+05
2010 04 13  1910   55299  69000  -1.00e+05 -1.00e+05 -1.00e+05 -1.00e+05 -1.00e+05 -1.00e+05  5.69e+05  3.18e+02 -1.00e+05
2010 04 13  1915   55299  69300  -1.00e+05 -1.00e+05 -1.00e+05 -1.00e+05 -1.00e+05 -1.00e+05  6.04e+05  3.02e+02 -1.00e+05
2010 04 13  1920   55299  69600  -1.00e+05 -1.00e+05 -1.00e+05 -1.00e+05 -1.00e+05 -1.00e+05  6.26e+05  3.06e+02 -1.00e+05
2010 04 13  1925   55299  69900  -1.00e+05 -1.00e+05 -1.00e+05 -1.00e+05 -1.00e+05 -1.00e+05  6.37e+05  3.17e+02 -1.00e+05
2010 04 13  1930   55299  70200  -1.00e+05 -1.00e+05 -1.00e+05 -1.00e+05 -1.00e+05 -1.00e+05  6.54e+05  2.95e+02 -1.00e+05
2010 04 13  1935   55299  70500  -1.00e+05 -1.00e+05 -1.00e+05 -1.00e+05 -1.00e+05 -1.00e+05  6.68e+05  3.04e+02 -1.00e+05
2010 04 13  1940   55299  70800  -1.00e+05 -1.00e+05 -1.00e+05 -1.00e+05 -1.00e+05 -1.00e+05  7.08e+05  3.00e+02 -1.00e+05
2010 04 13  1945   55299  71100  -1.00e+05 -1.00e+05 -1.00e+05 -1.00e+05 -1.00e+05 -1.00e+05  7.24e+05  2.96e+02 -1.00e+05
2010 04 13  1950   55299  71400  -1.00e+05 -1.00e+05 -1.00e+05 -1.00e+05 -1.00e+05 -1.00e+05  6.95e+05  2.89e+02 -1.00e+05
2010 04 13  1955   55299  71700  -1.00e+05 -1.00e+05 -1.00e+05 -1.00e+05 -1.00e+05 -1.00e+05  7.76e+05  3.19e+02 -1.00e+05
2010 04 13  2000   55299  72000  -1.00e+05 -1.00e+05 -1.00e+05 -1.00e+05 -1.00e+05 -1.00e+05  8.03e+05  3.01e+02 -1.00e+05
2010 04 13  2005   55299  72300  -1.00e+05 -1.00e+05 -1.00e+05 -1.00e+05 -1.00e+05 -1.00e+05  6.31e+05  2.96e+02 -1.00e+05
2010 04 13  2010   55299  72600  -1.00e+05 -1.00e+05 -1.00e+05 -1.00e+05 -1.00e+05 -1.00e+05  6.07e+05  2.73e+02 -1.00e+05
2010 04 13  2015   55299  72900  -1.00e+05 -1.00e+05 -1.00e+05 -1.00e+05 -1.00e+05 -1.00e+05  6.22e+05  2.81e+02 -1.00e+05
2010 04 13  2020   55299  73200  -1.00e+05 -1.00e+05 -1.00e+05 -1.00e+05 -1.00e+05 -1.00e+05  6.27e+05  2.82e+02 -1.00e+05
2010 04 13  2025   55299  73500  -1.00e+05 -1.00e+05 -1.00e+05 -1.00e+05 -1.00e+05 -1.00e+05  6.32e+05  2.96e+02 -1.00e+05
2010 04 13  2030   55299  73800  -1.00e+05 -1.00e+05 -1.00e+05 -1.00e+05 -1.00e+05 -1.00e+05  6.37e+05  2.80e+02 -1.00e+05
2010 04 13  2035   55299  74100  -1.00e+05 -1.00e+05 -1.00e+05 -1.00e+05 -1.00e+05 -1.00e+05  6.30e+05  2.94e+02 -1.00e+05
2010 04 13  2040   55299  74400  -1.00e+05 -1.00e+05 -1.00e+05 -1.00e+05 -1.00e+05 -1.00e+05  6.78e+05  2.73e+02 -1.00e+05
2010 04 13  2045   55299  74700  -1.00e+05 -1.00e+05 -1.00e+05 -1.00e+05 -1.00e+05 -1.00e+05  6.49e+05  2.70e+02 -1.00e+05
2010 04 13  2050   55299  75000  -1.00e+05 -1.00e+05 -1.00e+05 -1.00e+05 -1.00e+05 -1.00e+05  6.58e+05  2.71e+02 -1.00e+05
2010 04 13  2055   55299  75300  -1.00e+05 -1.00e+05 -1.00e+05 -1.00e+05 -1.00e+05 -1.00e+05  6.74e+05  2.77e+02 -1.00e+05
2010 04 13  2100   55299  75600  -1.00e+05 -1.00e+05 -1.00e+05 -1.00e+05 -1.00e+05 -1.00e+05  6.49e+05  2.62e+02 -1.00e+05
2010 04 13  2105   55299  75900  -1.00e+05 -1.00e+05 -1.00e+05 -1.00e+05 -1.00e+05 -1.00e+05  6.92e+05  2.55e+02 -1.00e+05
2010 04 13  2110   55299  76200  -1.00e+05 -1.00e+05 -1.00e+05 -1.00e+05 -1.00e+05 -1.00e+05  6.70e+05  2.50e+02 -1.00e+05
2010 04 13  2115   55299  76500  -1.00e+05 -1.00e+05 -1.00e+05 -1.00e+05 -1.00e+05 -1.00e+05  6.59e+05  2.67e+02 -1.00e+05
2010 04 13  2120   55299  76800  -1.00e+05 -1.00e+05 -1.00e+05 -1.00e+05 -1.00e+05 -1.00e+05  6.45e+05  2.51e+02 -1.00e+05
2010 04 13  2125   55299  77100  -1.00e+05 -1.00e+05 -1.00e+05 -1.00e+05 -1.00e+05 -1.00e+05  6.20e+05  2.45e+02 -1.00e+05
2010 04 13  2130   55299  77400  -1.00e+05 -1.00e+05 -1.00e+05 -1.00e+05 -1.00e+05 -1.00e+05  6.14e+05  2.56e+02 -1.00e+05
2010 04 13  2135   55299  77700  -1.00e+05 -1.00e+05 -1.00e+05 -1.00e+05 -1.00e+05 -1.00e+05  6.13e+05  2.50e+02 -1.00e+05
2010 04 13  2140   55299  78000  -1.00e+05 -1.00e+05 -1.00e+05 -1.00e+05 -1.00e+05 -1.00e+05  6.22e+05  2.66e+02 -1.00e+05
2010 04 13  2145   55299  78300  -1.00e+05 -1.00e+05 -1.00e+05 -1.00e+05 -1.00e+05 -1.00e+05  6.09e+05  2.55e+02 -1.00e+05
2010 04 13  2150   55299  78600  -1.00e+05 -1.00e+05 -1.00e+05 -1.00e+05 -1.00e+05 -1.00e+05  7.43e+05  2.41e+02 -1.00e+05
2010 04 13  2155   55299  78900  -1.00e+05 -1.00e+05 -1.00e+05 -1.00e+05 -1.00e+05 -1.00e+05  9.14e+05  2.41e+02 -1.00e+05
2010 04 13  2200   55299  79200  -1.00e+05 -1.00e+05 -1.00e+05 -1.00e+05 -1.00e+05 -1.00e+05  8.89e+05  2.43e+02 -1.00e+05
2010 04 13  2205   55299  79500  -1.00e+05 -1.00e+05 -1.00e+05 -1.00e+05 -1.00e+05 -1.00e+05  8.86e+05  2.47e+02 -1.00e+05
2010 04 13  2210   55299  79800  -1.00e+05 -1.00e+05 -1.00e+05 -1.00e+05 -1.00e+05 -1.00e+05  8.81e+05  2.42e+02 -1.00e+05
2010 04 13  2215   55299  80100  -1.00e+05 -1.00e+05 -1.00e+05 -1.00e+05 -1.00e+05 -1.00e+05  8.78e+05  2.51e+02 -1.00e+05
2010 04 13  2220   55299  80400  -1.00e+05 -1.00e+05 -1.00e+05 -1.00e+05 -1.00e+05 -1.00e+05  8.59e+05  2.35e+02 -1.00e+05
2010 04 13  2225   55299  80700  -1.00e+05 -1.00e+05 -1.00e+05 -1.00e+05 -1.00e+05 -1.00e+05  8.45e+05  2.22e+02 -1.00e+05
2010 04 13  2230   55299  81000  -1.00e+05 -1.00e+05 -1.00e+05 -1.00e+05 -1.00e+05 -1.00e+05  8.40e+05  2.23e+02 -1.00e+05
2010 04 13  2235   55299  81300  -1.00e+05 -1.00e+05 -1.00e+05 -1.00e+05 -1.00e+05 -1.00e+05  8.38e+05  2.59e+02 -1.00e+05
2010 04 13  2240   55299  81600  -1.00e+05 -1.00e+05 -1.00e+05 -1.00e+05 -1.00e+05 -1.00e+05  7.63e+05  2.48e+02 -1.00e+05
2010 04 13  2245   55299  81900  -1.00e+05 -1.00e+05 -1.00e+05 -1.00e+05 -1.00e+05 -1.00e+05  7.48e+05  2.62e+02 -1.00e+05
2010 04 13  2250   55299  82200  -1.00e+05 -1.00e+05 -1.00e+05 -1.00e+05 -1.00e+05 -1.00e+05  8.00e+05  2.66e+02 -1.00e+05
2010 04 13  2255   55299  82500  -1.00e+05 -1.00e+05 -1.00e+05 -1.00e+05 -1.00e+05 -1.00e+05  8.03e+05  2.73e+02 -1.00e+05
2010 04 13  2300   55299  82800  -1.00e+05 -1.00e+05 -1.00e+05 -1.00e+05 -1.00e+05 -1.00e+05  7.90e+05  2.67e+02 -1.00e+05
2010 04 13  2305   55299  83100  -1.00e+05 -1.00e+05 -1.00e+05 -1.00e+05 -1.00e+05 -1.00e+05  7.86e+05  2.75e+02 -1.00e+05
2010 04 13  2310   55299  83400  -1.00e+05 -1.00e+05 -1.00e+05 -1.00e+05 -1.00e+05 -1.00e+05  7.80e+05  2.63e+02 -1.00e+05
2010 04 13  2315   55299  83700  -1.00e+05 -1.00e+05 -1.00e+05 -1.00e+05 -1.00e+05 -1.00e+05  7.58e+05  2.71e+02 -1.00e+05
2010 04 13  2320   55299  84000  -1.00e+05 -1.00e+05 -1.00e+05 -1.00e+05 -1.00e+05 -1.00e+05  7.34e+05  2.71e+02 -1.00e+05
2010 04 13  2325   55299  84300  -1.00e+05 -1.00e+05 -1.00e+05 -1.00e+05 -1.00e+05 -1.00e+05  5.56e+05  2.47e+02 -1.00e+05
2010 04 13  2330   55299  84600  -1.00e+05 -1.00e+05 -1.00e+05 -1.00e+05 -1.00e+05 -1.00e+05  5.80e+05  2.80e+02 -1.00e+05
2010 04 13  2335   55299  84900  -1.00e+05 -1.00e+05 -1.00e+05 -1.00e+05 -1.00e+05 -1.00e+05  7.64e+05  2.63e+02 -1.00e+05
2010 04 13  2340   55299  85200  -1.00e+05 -1.00e+05 -1.00e+05 -1.00e+05 -1.00e+05 -1.00e+05  7.94e+05  2.76e+02 -1.00e+05
2010 04 13  2345   55299  85500  -1.00e+05 -1.00e+05 -1.00e+05 -1.00e+05 -1.00e+05 -1.00e+05  8.33e+05  2.67e+02 -1.00e+05
2010 04 13  2350   55299  85800  -1.00e+05 -1.00e+05 -1.00e+05 -1.00e+05 -1.00e+05 -1.00e+05  8.44e+05  2.63e+02 -1.00e+05
2010 04 13  2355   55299  86100  -1.00e+05 -1.00e+05 -1.00e+05 -1.00e+05 -1.00e+05 -1.00e+05  7.52e+05  2.64e+02 -1.00e+05
