:Product: Geomagnetic Data
:Issued: 0010 UTC 01 Feb 2015
#
# Prepared by the Korea Astronomy and Space Science Institute.
# Please send comments and suggestions to sos.kasi.re.kr.
# Updated every 3 hours beginning at 0000 UTC.
# Values shown as reported, KASI does not verify accuracy.
# Missing Data: -1.
#
#
#    Geomagnetic K indices from
#  Bohyun Mountain(BOH, N00 E000)
#
#     DATE   03 06 09 12 15 18 21 24
#-----------------------------------
2015 01 01    3  1  2  0  1  0  2  2
2015 01 02    2  3  2  2  2  2  3 -1
2015 01 03    4  2  2  3  2  1  1 -1
2015 01 04   -1  2  2  2  3  4  4 -1
2015 01 05    2  3  3  2  3  2  3  4
2015 01 06   -1 -1 -1 -1 -1 -1 -1 -1
2015 01 07    3  3  5  6  3  4  3  4
2015 01 08   -1  3  2  2  3  3  2  2
2015 01 09    2  2  2  2  2  2  1  2
2015 01 10    3  3  1  2  2  3  2  2
2015 01 11   -1  1  2  2  2  1  1  2
2015 01 12   -1  2  2  2  3  2  3  2
2015 01 13   -1  3  2  1  2  2  2  2
2015 01 14   -1  1  2  2  3  1  1  3
2015 01 15    3  2  2  2  4  3  2  3
2015 01 16    2  3  3  2  2  1  1  2
2015 01 17    2  2  2  1  0  1  1 -1
2015 01 18    2  2  1  1  2  2  2  2
2015 01 19    3  1  2  1  1  1  2  3
2015 01 20    3  2  2  2  1  1  1  4
2015 01 21    3  3  3  2  2  4  3  3
2015 01 22    2  2  2  3  4  2  3  2
2015 01 23    3  2  3  2  2  3  2  3
2015 01 24    3  2  2  1  3  3  3  3
2015 01 25    1  2  2  1  1  1  1  2
2015 01 26    3  3  3  4  3  3  2  2
2015 01 27    2  3  3  1  2  3  3  3
2015 01 28    2  2  3  2  2  2  1  3
2015 01 29    3  2  2  3  2  2  4  4
2015 01 30    3  3  3  2  2  2  3  3
2015 01 31    3  2  2  1  2  2  2  4
