iyr mon idm doy ihr min sec power
 10  3 11  70  0  1 10.0   0.647E-03
 10  3 11  70  0  2 40.0   0.672E-03
 10  3 11  70  0  4 10.0   0.153E-03
 10  3 11  70  0  5 40.0   0.628E-03
 10  3 11  70  0  7 10.0   0.871E-03
 10  3 11  70  0  8 40.0   0.285E-03
 10  3 11  70  0 10 10.0   0.200E-03
 10  3 11  70  0 11 40.0   0.105E-02
 10  3 11  70  0 13 10.0   0.108E-02
 10  3 11  70  0 14 40.0   0.490E-03
 10  3 11  70  0 16 10.0   0.172E-03
 10  3 11  70  0 17 40.0   0.254E-03
 10  3 11  70  0 19 10.0   0.143E-03
 10  3 11  70  0 20 40.0   0.256E-03
 10  3 11  70  0 22 10.0   0.645E-03
 10  3 11  70  0 23 40.0   0.479E-03
 10  3 11  70  0 25 10.0   0.362E-03
 10  3 11  70  0 26 40.0   0.167E-03
 10  3 11  70  0 28 10.0   0.459E-03
 10  3 11  70  0 29 40.0   0.160E-02
 10  3 11  70  0 31 10.0   0.167E-02
 10  3 11  70  0 32 40.0   0.494E-03
 10  3 11  70  0 34 10.0   0.195E-03
 10  3 11  70  0 35 40.0   0.330E-04
 10  3 11  70  0 37 10.0   0.625E-04
 10  3 11  70  0 38 40.0   0.281E-03
 10  3 11  70  0 40 10.0   0.500E-03
 10  3 11  70  0 41 40.0   0.114E-02
 10  3 11  70  0 43 10.0   0.121E-02
 10  3 11  70  0 44 40.0   0.104E-02
 10  3 11  70  0 46 10.0   0.450E-03
 10  3 11  70  0 47 40.0   0.172E-03
 10  3 11  70  0 49 10.0   0.159E-03
 10  3 11  70  0 50 40.0   0.162E-03
 10  3 11  70  0 52 10.0   0.397E-03
 10  3 11  70  0 53 40.0   0.620E-03
 10  3 11  70  0 55 10.0   0.252E-03
 10  3 11  70  0 56 40.0   0.349E-03
 10  3 11  70  0 58 10.0   0.183E-03
 10  3 11  70  0 59 40.0   0.812E-04
 10  3 11  70  1  1 10.0   0.246E-03
 10  3 11  70  1  2 40.0   0.581E-04
 10  3 11  70  1  4 10.0   0.259E-03
 10  3 11  70  1  5 40.0   0.640E-03
 10  3 11  70  1  7 10.0   0.542E-03
 10  3 11  70  1  8 40.0   0.114E-03
 10  3 11  70  1 10 10.0   0.721E-04
 10  3 11  70  1 11 40.0   0.156E-03
 10  3 11  70  1 13 10.0   0.322E-03
 10  3 11  70  1 14 40.0   0.153E-03
 10  3 11  70  1 16 10.0   0.119E-03
 10  3 11  70  1 17 40.0   0.204E-03
 10  3 11  70  1 19 10.0   0.339E-03
 10  3 11  70  1 20 40.0   0.449E-03
 10  3 11  70  1 22 10.0   0.143E-03
 10  3 11  70  1 23 40.0   0.200E-03
 10  3 11  70  1 25 10.0   0.207E-03
 10  3 11  70  1 26 40.0   0.204E-03
 10  3 11  70  1 28 10.0   0.175E-03
 10  3 11  70  1 29 40.0   0.285E-03
 10  3 11  70  1 31 10.0   0.176E-03
 10  3 11  70  1 32 40.0   0.100E-03
 10  3 11  70  1 34 10.0   0.162E-03
 10  3 11  70  1 35 40.0   0.897E-04
 10  3 11  70  1 37 10.0   0.208E-03
 10  3 11  70  1 38 40.0   0.300E-03
 10  3 11  70  1 40 10.0   0.130E-03
 10  3 11  70  1 41 40.0   0.152E-03
 10  3 11  70  1 43 10.0   0.217E-03
 10  3 11  70  1 44 40.0   0.653E-04
 10  3 11  70  1 46 10.0   0.312E-03
 10  3 11  70  1 47 40.0   0.608E-03
 10  3 11  70  1 49 10.0   0.313E-03
 10  3 11  70  1 50 40.0   0.183E-03
 10  3 11  70  1 52 10.0   0.333E-03
 10  3 11  70  1 53 40.0   0.368E-03
 10  3 11  70  1 55 10.0   0.115E-03
 10  3 11  70  1 56 40.0   0.859E-03
 10  3 11  70  1 58 10.0   0.980E-03
 10  3 11  70  1 59 40.0   0.508E-03
 10  3 11  70  2  1 10.0   0.240E-03
 10  3 11  70  2  2 40.0   0.805E-03
 10  3 11  70  2  4 10.0   0.136E-02
 10  3 11  70  2  5 40.0   0.840E-03
 10  3 11  70  2  7 10.0   0.845E-03
 10  3 11  70  2  8 40.0   0.224E-03
 10  3 11  70  2 10 10.0   0.272E-03
 10  3 11  70  2 11 40.0   0.259E-03
 10  3 11  70  2 13 10.0   0.124E-03
 10  3 11  70  2 14 40.0   0.146E-03
 10  3 11  70  2 16 10.0   0.184E-03
 10  3 11  70  2 17 40.0   0.296E-03
 10  3 11  70  2 19 10.0   0.142E-03
 10  3 11  70  2 20 40.0   0.248E-03
 10  3 11  70  2 22 10.0   0.163E-03
 10  3 11  70  2 23 40.0   0.141E-03
 10  3 11  70  2 25 10.0   0.131E-03
 10  3 11  70  2 26 40.0   0.106E-03
 10  3 11  70  2 28 10.0   0.108E-03
 10  3 11  70  2 29 40.0   0.187E-03
 10  3 11  70  2 31 10.0   0.199E-03
 10  3 11  70  2 32 40.0   0.293E-03
 10  3 11  70  2 34 10.0   0.152E-03
 10  3 11  70  2 35 40.0   0.201E-03
 10  3 11  70  2 37 10.0   0.330E-03
 10  3 11  70  2 38 40.0   0.174E-03
 10  3 11  70  2 40 10.0   0.252E-03
 10  3 11  70  2 41 40.0   0.161E-03
 10  3 11  70  2 43 10.0   0.116E-03
 10  3 11  70  2 44 40.0   0.103E-03
 10  3 11  70  2 46 10.0   0.639E-04
 10  3 11  70  2 47 40.0   0.877E-04
 10  3 11  70  2 49 10.0   0.112E-03
 10  3 11  70  2 50 40.0   0.407E-04
 10  3 11  70  2 52 10.0   0.310E-03
 10  3 11  70  2 53 40.0   0.209E-03
 10  3 11  70  2 55 10.0   0.136E-03
 10  3 11  70  2 56 40.0   0.272E-03
 10  3 11  70  2 58 10.0   0.850E-04
 10  3 11  70  2 59 40.0   0.237E-03
 10  3 11  70  3  1 10.0   0.850E-04
 10  3 11  70  3  2 40.0   0.151E-03
 10  3 11  70  3  4 10.0   0.153E-03
 10  3 11  70  3  5 40.0   0.136E-03
 10  3 11  70  3  7 10.0   0.695E-04
 10  3 11  70  3  8 40.0   0.175E-03
 10  3 11  70  3 10 10.0   0.129E-03
 10  3 11  70  3 11 40.0   0.287E-03
 10  3 11  70  3 13 10.0   0.279E-03
 10  3 11  70  3 14 40.0   0.228E-03
 10  3 11  70  3 16 10.0   0.223E-03
 10  3 11  70  3 17 40.0   0.291E-03
 10  3 11  70  3 19 10.0   0.311E-03
 10  3 11  70  3 20 40.0   0.932E-04
 10  3 11  70  3 22 10.0   0.234E-03
 10  3 11  70  3 23 40.0   0.165E-03
 10  3 11  70  3 25 10.0   0.165E-03
 10  3 11  70  3 26 40.0   0.240E-03
 10  3 11  70  3 28 10.0   0.289E-03
 10  3 11  70  3 29 40.0   0.244E-03
 10  3 11  70  3 31 10.0   0.509E-03
 10  3 11  70  3 32 40.0   0.338E-03
 10  3 11  70  3 34 10.0   0.241E-03
 10  3 11  70  3 35 40.0   0.454E-04
 10  3 11  70  3 37 10.0   0.753E-04
 10  3 11  70  3 38 40.0   0.118E-03
 10  3 11  70  3 40 10.0   0.224E-03
 10  3 11  70  3 41 40.0   0.669E-04
 10  3 11  70  3 43 10.0   0.142E-03
 10  3 11  70  3 44 40.0   0.182E-03
 10  3 11  70  3 46 10.0   0.614E-04
 10  3 11  70  3 47 40.0   0.593E-04
 10  3 11  70  3 49 10.0   0.110E-03
 10  3 11  70  3 50 40.0   0.128E-03
 10  3 11  70  3 52 10.0   0.194E-03
 10  3 11  70  3 53 40.0   0.878E-04
 10  3 11  70  3 55 10.0   0.121E-03
 10  3 11  70  3 56 40.0   0.237E-03
 10  3 11  70  3 58 10.0   0.146E-03
 10  3 11  70  3 59 40.0   0.191E-03
 10  3 11  70  4  1 10.0   0.126E-03
 10  3 11  70  4  2 40.0   0.491E-04
 10  3 11  70  4  4 10.0   0.485E-04
 10  3 11  70  4  5 40.0   0.184E-03
 10  3 11  70  4  7 10.0   0.843E-04
 10  3 11  70  4  8 40.0   0.375E-04
 10  3 11  70  4 10 10.0   0.231E-03
 10  3 11  70  4 11 40.0   0.433E-03
 10  3 11  70  4 13 10.0   0.158E-03
 10  3 11  70  4 14 40.0   0.623E-04
 10  3 11  70  4 16 10.0   0.537E-04
 10  3 11  70  4 17 40.0   0.741E-04
 10  3 11  70  4 19 10.0   0.698E-04
 10  3 11  70  4 20 40.0   0.174E-04
 10  3 11  70  4 22 10.0   0.535E-04
 10  3 11  70  4 23 40.0   0.126E-03
 10  3 11  70  4 25 10.0   0.439E-04
 10  3 11  70  4 26 40.0   0.170E-03
 10  3 11  70  4 28 10.0   0.108E-03
 10  3 11  70  4 29 40.0   0.932E-04
 10  3 11  70  4 31 10.0   0.171E-03
 10  3 11  70  4 32 40.0   0.174E-03
 10  3 11  70  4 34 10.0   0.128E-03
 10  3 11  70  4 35 40.0   0.791E-04
 10  3 11  70  4 37 10.0   0.258E-03
 10  3 11  70  4 38 40.0   0.225E-03
 10  3 11  70  4 40 10.0   0.152E-03
 10  3 11  70  4 41 40.0   0.152E-03
 10  3 11  70  4 43 10.0   0.231E-03
 10  3 11  70  4 44 40.0   0.173E-03
 10  3 11  70  4 46 10.0   0.158E-03
 10  3 11  70  4 47 40.0   0.569E-04
 10  3 11  70  4 49 10.0   0.131E-03
 10  3 11  70  4 50 40.0   0.929E-04
 10  3 11  70  4 52 10.0   0.178E-03
 10  3 11  70  4 53 40.0   0.481E-03
 10  3 11  70  4 55 10.0   0.182E-03
 10  3 11  70  4 56 40.0   0.296E-03
 10  3 11  70  4 58 10.0   0.513E-03
 10  3 11  70  4 59 40.0   0.446E-03
 10  3 11  70  5  1 10.0   0.205E-03
 10  3 11  70  5  2 40.0   0.229E-03
 10  3 11  70  5  4 10.0   0.180E-03
 10  3 11  70  5  5 40.0   0.717E-04
 10  3 11  70  5  7 10.0   0.830E-04
 10  3 11  70  5  8 40.0   0.226E-03
 10  3 11  70  5 10 10.0   0.236E-03
 10  3 11  70  5 11 40.0   0.124E-03
 10  3 11  70  5 13 10.0   0.132E-03
 10  3 11  70  5 14 40.0   0.633E-04
 10  3 11  70  5 16 10.0   0.736E-04
 10  3 11  70  5 17 40.0   0.176E-03
 10  3 11  70  5 19 10.0   0.116E-03
 10  3 11  70  5 20 40.0   0.780E-04
 10  3 11  70  5 22 10.0   0.686E-03
 10  3 11  70  5 23 40.0   0.666E-03
 10  3 11  70  5 25 10.0   0.569E-03
 10  3 11  70  5 26 40.0   0.401E-03
 10  3 11  70  5 28 10.0   0.943E-04
 10  3 11  70  5 29 40.0   0.801E-04
 10  3 11  70  5 31 10.0   0.951E-04
 10  3 11  70  5 32 40.0   0.907E-04
 10  3 11  70  5 34 10.0   0.226E-02
 10  3 11  70  5 35 40.0   0.533E-02
 10  3 11  70  5 37 10.0   0.449E-02
 10  3 11  70  5 38 40.0   0.334E-02
 10  3 11  70  5 40 10.0   0.480E-03
 10  3 11  70  5 41 40.0   0.973E-03
 10  3 11  70  5 43 10.0   0.103E-02
 10  3 11  70  5 44 40.0   0.950E-03
 10  3 11  70  5 46 10.0   0.544E-03
 10  3 11  70  5 47 40.0   0.284E-03
 10  3 11  70  5 49 10.0   0.302E-04
 10  3 11  70  5 50 40.0   0.134E-03
 10  3 11  70  5 52 10.0   0.176E-03
 10  3 11  70  5 53 40.0   0.395E-03
 10  3 11  70  5 55 10.0   0.159E-03
 10  3 11  70  5 56 40.0   0.303E-03
 10  3 11  70  5 58 10.0   0.240E-03
 10  3 11  70  5 59 40.0   0.199E-03
 10  3 11  70  6  1 10.0   0.645E-03
 10  3 11  70  6  2 40.0   0.695E-03
 10  3 11  70  6  4 10.0   0.344E-03
 10  3 11  70  6  5 40.0   0.416E-03
 10  3 11  70  6  7 10.0   0.539E-03
 10  3 11  70  6  8 40.0   0.152E-03
 10  3 11  70  6 10 10.0   0.171E-03
 10  3 11  70  6 11 40.0   0.223E-03
 10  3 11  70  6 13 10.0   0.147E-03
 10  3 11  70  6 14 40.0   0.135E-03
 10  3 11  70  6 16 10.0   0.384E-03
 10  3 11  70  6 17 40.0   0.219E-03
 10  3 11  70  6 19 10.0   0.664E-03
 10  3 11  70  6 20 40.0   0.418E-03
 10  3 11  70  6 22 10.0   0.334E-03
 10  3 11  70  6 23 40.0   0.924E-04
 10  3 11  70  6 25 10.0   0.206E-03
 10  3 11  70  6 26 40.0   0.332E-03
 10  3 11  70  6 28 10.0   0.339E-03
 10  3 11  70  6 29 40.0   0.309E-04
 10  3 11  70  6 31 10.0   0.235E-03
 10  3 11  70  6 32 40.0   0.431E-03
 10  3 11  70  6 34 10.0   0.155E-03
 10  3 11  70  6 35 40.0   0.104E-03
 10  3 11  70  6 37 10.0   0.103E-03
 10  3 11  70  6 38 40.0   0.184E-03
 10  3 11  70  6 40 10.0   0.141E-03
 10  3 11  70  6 41 40.0   0.189E-03
 10  3 11  70  6 43 10.0   0.145E-03
 10  3 11  70  6 44 40.0   0.278E-03
 10  3 11  70  6 46 10.0   0.145E-03
 10  3 11  70  6 47 40.0   0.624E-04
 10  3 11  70  6 49 10.0   0.563E-04
 10  3 11  70  6 50 40.0   0.136E-03
 10  3 11  70  6 52 10.0   0.101E-03
 10  3 11  70  6 53 40.0   0.807E-04
 10  3 11  70  6 55 10.0   0.478E-04
 10  3 11  70  6 56 40.0   0.236E-03
 10  3 11  70  6 58 10.0   0.262E-03
 10  3 11  70  6 59 40.0   0.105E-03
 10  3 11  70  7  1 10.0   0.110E-03
 10  3 11  70  7  2 40.0   0.723E-04
 10  3 11  70  7  4 10.0   0.876E-04
 10  3 11  70  7  5 40.0   0.112E-03
 10  3 11  70  7  7 10.0   0.138E-03
 10  3 11  70  7  8 40.0   0.442E-04
 10  3 11  70  7 10 10.0   0.851E-04
 10  3 11  70  7 11 40.0   0.298E-04
 10  3 11  70  7 13 10.0   0.191E-03
 10  3 11  70  7 14 40.0   0.228E-03
 10  3 11  70  7 16 10.0   0.129E-03
 10  3 11  70  7 17 40.0   0.824E-04
 10  3 11  70  7 19 10.0   0.115E-03
 10  3 11  70  7 20 40.0   0.648E-04
 10  3 11  70  7 22 10.0   0.473E-04
 10  3 11  70  7 23 40.0   0.156E-03
 10  3 11  70  7 25 10.0   0.216E-03
 10  3 11  70  7 26 40.0   0.104E-03
 10  3 11  70  7 28 10.0   0.622E-05
 10  3 11  70  7 29 40.0   0.575E-04
 10  3 11  70  7 31 10.0   0.982E-04
 10  3 11  70  7 32 40.0   0.180E-04
 10  3 11  70  7 34 10.0   0.660E-04
 10  3 11  70  7 35 40.0   0.813E-04
 10  3 11  70  7 37 10.0   0.692E-04
 10  3 11  70  7 38 40.0   0.633E-04
 10  3 11  70  7 40 10.0   0.833E-04
 10  3 11  70  7 41 40.0   0.881E-04
 10  3 11  70  7 43 10.0   0.104E-03
 10  3 11  70  7 44 40.0   0.694E-04
 10  3 11  70  7 46 10.0   0.116E-04
 10  3 11  70  7 47 40.0   0.123E-03
 10  3 11  70  7 49 10.0   0.222E-03
 10  3 11  70  7 50 40.0   0.433E-03
 10  3 11  70  7 52 10.0   0.297E-03
 10  3 11  70  7 53 40.0   0.767E-04
 10  3 11  70  7 55 10.0   0.110E-03
 10  3 11  70  7 56 40.0   0.955E-04
 10  3 11  70  7 58 10.0   0.109E-03
 10  3 11  70  7 59 40.0   0.277E-03
 10  3 11  70  8  1 10.0   0.101E-02
 10  3 11  70  8  2 40.0   0.646E-03
 10  3 11  70  8  4 10.0   0.139E-03
 10  3 11  70  8  5 40.0   0.294E-03
 10  3 11  70  8  7 10.0   0.684E-04
 10  3 11  70  8  8 40.0   0.673E-04
 10  3 11  70  8 10 10.0   0.144E-03
 10  3 11  70  8 11 40.0   0.155E-03
 10  3 11  70  8 13 10.0   0.107E-03
 10  3 11  70  8 14 40.0   0.718E-04
 10  3 11  70  8 16 10.0   0.158E-03
 10  3 11  70  8 17 40.0   0.211E-03
 10  3 11  70  8 19 10.0   0.173E-03
 10  3 11  70  8 20 40.0   0.153E-03
 10  3 11  70  8 22 10.0   0.260E-03
 10  3 11  70  8 23 40.0   0.158E-03
 10  3 11  70  8 25 10.0   0.653E-04
 10  3 11  70  8 26 40.0   0.257E-03
 10  3 11  70  8 28 10.0   0.211E-03
 10  3 11  70  8 29 40.0   0.129E-03
 10  3 11  70  8 31 10.0   0.930E-04
 10  3 11  70  8 32 40.0   0.276E-03
 10  3 11  70  8 34 10.0   0.359E-03
 10  3 11  70  8 35 40.0   0.155E-03
 10  3 11  70  8 37 10.0   0.205E-03
 10  3 11  70  8 38 40.0   0.245E-03
 10  3 11  70  8 40 10.0   0.980E-04
 10  3 11  70  8 41 40.0   0.263E-03
 10  3 11  70  8 43 10.0   0.473E-03
 10  3 11  70  8 44 40.0   0.467E-03
 10  3 11  70  8 46 10.0   0.382E-03
 10  3 11  70  8 47 40.0   0.171E-03
 10  3 11  70  8 49 10.0   0.233E-03
 10  3 11  70  8 50 40.0   0.272E-03
 10  3 11  70  8 52 10.0   0.815E-03
 10  3 11  70  8 53 40.0   0.204E-02
 10  3 11  70  8 55 10.0   0.615E-02
 10  3 11  70  8 56 40.0   0.495E-02
 10  3 11  70  8 58 10.0   0.377E-02
 10  3 11  70  8 59 40.0   0.251E-02
 10  3 11  70  9  1 10.0   0.143E-02
 10  3 11  70  9  2 40.0   0.333E-04
 10  3 11  70  9  4 10.0   0.352E-03
 10  3 11  70  9  5 40.0   0.403E-03
 10  3 11  70  9  7 10.0   0.639E-03
 10  3 11  70  9  8 40.0   0.440E-03
 10  3 11  70  9 10 10.0   0.364E-03
 10  3 11  70  9 11 40.0   0.848E-03
 10  3 11  70  9 13 10.0   0.118E-02
 10  3 11  70  9 14 40.0   0.459E-03
 10  3 11  70  9 16 10.0   0.169E-03
 10  3 11  70  9 17 40.0   0.200E-03
 10  3 11  70  9 19 10.0   0.984E-04
 10  3 11  70  9 20 40.0   0.267E-03
 10  3 11  70  9 22 10.0   0.172E-03
 10  3 11  70  9 23 40.0   0.241E-03
 10  3 11  70  9 25 10.0   0.260E-03
 10  3 11  70  9 26 40.0   0.426E-03
 10  3 11  70  9 28 10.0   0.584E-03
 10  3 11  70  9 29 40.0   0.884E-03
 10  3 11  70  9 31 10.0   0.131E-03
 10  3 11  70  9 32 40.0   0.364E-03
 10  3 11  70  9 34 10.0   0.412E-03
 10  3 11  70  9 35 40.0   0.883E-04
 10  3 11  70  9 37 10.0   0.781E-04
 10  3 11  70  9 38 40.0   0.130E-03
 10  3 11  70  9 40 10.0   0.141E-03
 10  3 11  70  9 41 40.0   0.106E-03
 10  3 11  70  9 43 10.0   0.917E-04
 10  3 11  70  9 44 40.0   0.204E-03
 10  3 11  70  9 46 10.0   0.171E-03
 10  3 11  70  9 47 40.0   0.112E-03
 10  3 11  70  9 49 10.0   0.682E-04
 10  3 11  70  9 50 40.0   0.565E-04
 10  3 11  70  9 52 10.0   0.708E-04
 10  3 11  70  9 53 40.0   0.270E-04
 10  3 11  70  9 55 10.0   0.163E-03
 10  3 11  70  9 56 40.0   0.395E-03
 10  3 11  70  9 58 10.0   0.227E-03
 10  3 11  70  9 59 40.0   0.482E-03
 10  3 11  70 10  1 10.0   0.125E-03
 10  3 11  70 10  2 40.0   0.340E-04
 10  3 11  70 10  4 10.0   0.397E-04
 10  3 11  70 10  5 40.0   0.513E-04
 10  3 11  70 10  7 10.0   0.711E-04
 10  3 11  70 10  8 40.0   0.804E-04
 10  3 11  70 10 10 10.0   0.176E-03
 10  3 11  70 10 11 40.0   0.129E-03
 10  3 11  70 10 13 10.0   0.404E-04
 10  3 11  70 10 14 40.0   0.996E-04
 10  3 11  70 10 16 10.0   0.173E-03
 10  3 11  70 10 17 40.0   0.238E-04
 10  3 11  70 10 19 10.0   0.452E-04
 10  3 11  70 10 20 40.0   0.380E-04
 10  3 11  70 10 22 10.0   0.799E-04
 10  3 11  70 10 23 40.0   0.144E-03
 10  3 11  70 10 25 10.0   0.162E-03
 10  3 11  70 10 26 40.0   0.216E-03
 10  3 11  70 10 28 10.0   0.104E-03
 10  3 11  70 10 29 40.0   0.345E-04
 10  3 11  70 10 31 10.0   0.950E-04
 10  3 11  70 10 32 40.0   0.982E-04
 10  3 11  70 10 34 10.0   0.233E-03
 10  3 11  70 10 35 40.0   0.143E-03
 10  3 11  70 10 37 10.0   0.130E-03
 10  3 11  70 10 38 40.0   0.133E-03
 10  3 11  70 10 40 10.0   0.104E-03
 10  3 11  70 10 41 40.0   0.302E-04
 10  3 11  70 10 43 10.0   0.613E-04
 10  3 11  70 10 44 40.0   0.107E-03
 10  3 11  70 10 46 10.0   0.191E-03
 10  3 11  70 10 47 40.0   0.122E-03
 10  3 11  70 10 49 10.0   0.161E-03
 10  3 11  70 10 50 40.0   0.119E-03
 10  3 11  70 10 52 10.0   0.113E-03
 10  3 11  70 10 53 40.0   0.111E-03
 10  3 11  70 10 55 10.0   0.424E-03
 10  3 11  70 10 56 40.0   0.533E-03
 10  3 11  70 10 58 10.0   0.338E-03
 10  3 11  70 10 59 40.0   0.244E-03
 10  3 11  70 11  1 10.0   0.222E-03
 10  3 11  70 11  2 40.0   0.233E-03
 10  3 11  70 11  4 10.0   0.276E-03
 10  3 11  70 11  5 40.0   0.445E-03
 10  3 11  70 11  7 10.0   0.180E-03
 10  3 11  70 11  8 40.0   0.362E-03
 10  3 11  70 11 10 10.0   0.283E-03
 10  3 11  70 11 11 40.0   0.365E-03
 10  3 11  70 11 13 10.0   0.156E-02
 10  3 11  70 11 14 40.0   0.200E-02
 10  3 11  70 11 16 10.0   0.429E-03
 10  3 11  70 11 17 40.0   0.201E-03
 10  3 11  70 11 19 10.0   0.250E-03
 10  3 11  70 11 20 40.0   0.840E-03
 10  3 11  70 11 22 10.0   0.946E-03
 10  3 11  70 11 23 40.0   0.598E-03
 10  3 11  70 11 25 10.0   0.574E-03
 10  3 11  70 11 26 40.0   0.224E-03
 10  3 11  70 11 28 10.0   0.720E-03
 10  3 11  70 11 29 40.0   0.944E-03
 10  3 11  70 11 31 10.0   0.116E-02
 10  3 11  70 11 32 40.0   0.135E-02
 10  3 11  70 11 34 10.0   0.140E-02
 10  3 11  70 11 35 40.0   0.240E-02
 10  3 11  70 11 37 10.0   0.121E-01
 10  3 11  70 11 38 40.0   0.159E-01
 10  3 11  70 11 40 10.0   0.109E-02
 10  3 11  70 11 41 40.0   0.214E-02
 10  3 11  70 11 43 10.0   0.131E-01
 10  3 11  70 11 44 40.0   0.131E-01
 10  3 11  70 11 46 10.0   0.846E-03
 10  3 11  70 11 47 40.0   0.107E-02
 10  3 11  70 11 49 10.0   0.140E-02
 10  3 11  70 11 50 40.0   0.206E-02
 10  3 11  70 11 52 10.0   0.965E-03
 10  3 11  70 11 53 40.0   0.449E-03
 10  3 11  70 11 55 10.0   0.424E-03
 10  3 11  70 11 56 40.0   0.160E-03
 10  3 11  70 11 58 10.0   0.149E-04
 10  3 11  70 11 59 40.0   0.227E-03
 10  3 11  70 12  1 10.0   0.246E-03
 10  3 11  70 12  2 40.0   0.255E-03
 10  3 11  70 12  4 10.0   0.226E-03
 10  3 11  70 12  5 40.0   0.294E-03
 10  3 11  70 12  7 10.0   0.158E-03
 10  3 11  70 12  8 40.0   0.894E-03
 10  3 11  70 12 10 10.0   0.324E-03
 10  3 11  70 12 11 40.0   0.224E-04
 10  3 11  70 12 13 10.0   0.380E-03
 10  3 11  70 12 14 40.0   0.380E-03
 10  3 11  70 12 16 10.0   0.425E-03
 10  3 11  70 12 17 40.0   0.733E-04
 10  3 11  70 12 19 10.0   0.114E-03
 10  3 11  70 12 20 40.0   0.839E-04
 10  3 11  70 12 22 10.0   0.751E-04
 10  3 11  70 12 23 40.0   0.520E-04
 10  3 11  70 12 25 10.0   0.711E-03
 10  3 11  70 12 26 40.0   0.441E-03
 10  3 11  70 12 28 10.0   0.222E-03
 10  3 11  70 12 29 40.0   0.333E-03
 10  3 11  70 12 31 10.0   0.101E-03
 10  3 11  70 12 32 40.0   0.278E-03
 10  3 11  70 12 34 10.0   0.465E-03
 10  3 11  70 12 35 40.0   0.172E-03
 10  3 11  70 12 37 10.0   0.428E-04
 10  3 11  70 12 38 40.0   0.199E-03
 10  3 11  70 12 40 10.0   0.705E-04
 10  3 11  70 12 41 40.0   0.884E-04
 10  3 11  70 12 43 10.0   0.846E-04
 10  3 11  70 12 44 40.0   0.941E-04
 10  3 11  70 12 46 10.0   0.759E-04
 10  3 11  70 12 47 40.0   0.861E-04
 10  3 11  70 12 49 10.0   0.267E-04
 10  3 11  70 12 50 40.0   0.298E-04
 10  3 11  70 12 52 10.0   0.387E-04
 10  3 11  70 12 53 40.0   0.171E-04
 10  3 11  70 12 55 10.0   0.134E-03
 10  3 11  70 12 56 40.0   0.289E-03
 10  3 11  70 12 58 10.0   0.576E-04
 10  3 11  70 12 59 40.0   0.109E-03
 10  3 11  70 13  1 10.0   0.273E-04
 10  3 11  70 13  2 40.0   0.217E-04
 10  3 11  70 13  4 10.0   0.156E-04
 10  3 11  70 13  5 40.0   0.402E-04
 10  3 11  70 13  7 10.0   0.612E-04
 10  3 11  70 13  8 40.0   0.141E-03
 10  3 11  70 13 10 10.0   0.295E-04
 10  3 11  70 13 11 40.0   0.792E-04
 10  3 11  70 13 13 10.0   0.441E-04
 10  3 11  70 13 14 40.0   0.269E-04
 10  3 11  70 13 16 10.0   0.382E-04
 10  3 11  70 13 17 40.0   0.431E-04
 10  3 11  70 13 19 10.0   0.146E-04
 10  3 11  70 13 20 40.0   0.313E-04
 10  3 11  70 13 22 10.0   0.590E-04
 10  3 11  70 13 23 40.0   0.428E-04
 10  3 11  70 13 25 10.0   0.243E-04
 10  3 11  70 13 26 40.0   0.355E-04
 10  3 11  70 13 28 10.0   0.538E-04
 10  3 11  70 13 29 40.0   0.227E-04
 10  3 11  70 13 31 10.0   0.112E-03
 10  3 11  70 13 32 40.0   0.421E-04
 10  3 11  70 13 34 10.0   0.220E-04
 10  3 11  70 13 35 40.0   0.257E-04
 10  3 11  70 13 37 10.0   0.537E-04
 10  3 11  70 13 38 40.0   0.516E-04
 10  3 11  70 13 40 10.0   0.308E-04
 10  3 11  70 13 41 40.0   0.243E-04
 10  3 11  70 13 43 10.0   0.660E-04
 10  3 11  70 13 44 40.0   0.536E-04
 10  3 11  70 13 46 10.0   0.134E-04
 10  3 11  70 13 47 40.0   0.266E-04
 10  3 11  70 13 49 10.0   0.225E-04
 10  3 11  70 13 50 40.0   0.395E-04
 10  3 11  70 13 52 10.0   0.311E-04
 10  3 11  70 13 53 40.0   0.215E-03
 10  3 11  70 13 55 10.0   0.295E-04
 10  3 11  70 13 56 40.0   0.514E-04
 10  3 11  70 13 58 10.0   0.509E-04
 10  3 11  70 13 59 40.0   0.735E-04
 10  3 11  70 14  1 10.0   0.334E-04
 10  3 11  70 14  2 40.0   0.202E-04
 10  3 11  70 14  4 10.0   0.655E-04
 10  3 11  70 14  5 40.0   0.786E-05
 10  3 11  70 14  7 10.0   0.203E-04
 10  3 11  70 14  8 40.0   0.420E-04
 10  3 11  70 14 10 10.0   0.194E-04
 10  3 11  70 14 11 40.0   0.654E-04
 10  3 11  70 14 13 10.0   0.424E-04
 10  3 11  70 14 14 40.0   0.205E-04
 10  3 11  70 14 16 10.0   0.376E-04
 10  3 11  70 14 17 40.0   0.351E-04
 10  3 11  70 14 19 10.0   0.547E-04
 10  3 11  70 14 20 40.0   0.328E-04
 10  3 11  70 14 22 10.0   0.847E-04
 10  3 11  70 14 23 40.0   0.506E-04
 10  3 11  70 14 25 10.0   0.822E-04
 10  3 11  70 14 26 40.0   0.943E-05
 10  3 11  70 14 28 10.0   0.502E-04
 10  3 11  70 14 29 40.0   0.134E-03
 10  3 11  70 14 31 10.0   0.819E-04
 10  3 11  70 14 32 40.0   0.123E-03
 10  3 11  70 14 34 10.0   0.995E-05
 10  3 11  70 14 35 40.0   0.361E-04
 10  3 11  70 14 37 10.0   0.511E-04
 10  3 11  70 14 38 40.0   0.587E-04
 10  3 11  70 14 40 10.0   0.211E-04
 10  3 11  70 14 41 40.0   0.465E-04
 10  3 11  70 14 43 10.0   0.341E-04
 10  3 11  70 14 44 40.0   0.980E-04
 10  3 11  70 14 46 10.0   0.129E-03
 10  3 11  70 14 47 40.0   0.508E-03
 10  3 11  70 14 49 10.0   0.101E-02
 10  3 11  70 14 50 40.0   0.247E-02
 10  3 11  70 14 52 10.0   0.146E-02
 10  3 11  70 14 53 40.0   0.288E-03
 10  3 11  70 14 55 10.0   0.727E-03
 10  3 11  70 14 56 40.0   0.920E-03
 10  3 11  70 14 58 10.0   0.502E-03
 10  3 11  70 14 59 40.0   0.243E-03
 10  3 11  70 15  1 10.0   0.859E-03
 10  3 11  70 15  2 40.0   0.107E-02
 10  3 11  70 15  4 10.0   0.282E-03
 10  3 11  70 15  5 40.0   0.444E-03
 10  3 11  70 15  7 10.0   0.351E-03
 10  3 11  70 15  8 40.0   0.296E-03
 10  3 11  70 15 10 10.0   0.139E-03
 10  3 11  70 15 11 40.0   0.191E-03
 10  3 11  70 15 13 10.0   0.746E-04
 10  3 11  70 15 14 40.0   0.402E-04
 10  3 11  70 15 16 10.0   0.527E-04
 10  3 11  70 15 17 40.0   0.137E-03
 10  3 11  70 15 19 10.0   0.746E-04
 10  3 11  70 15 20 40.0   0.353E-04
 10  3 11  70 15 22 10.0   0.171E-04
 10  3 11  70 15 23 40.0   0.964E-04
 10  3 11  70 15 25 10.0   0.125E-03
 10  3 11  70 15 26 40.0   0.424E-04
 10  3 11  70 15 28 10.0   0.216E-04
 10  3 11  70 15 29 40.0   0.188E-04
 10  3 11  70 15 31 10.0   0.937E-04
 10  3 11  70 15 32 40.0   0.130E-03
 10  3 11  70 15 34 10.0   0.205E-04
 10  3 11  70 15 35 40.0   0.533E-04
 10  3 11  70 15 37 10.0   0.596E-04
 10  3 11  70 15 38 40.0   0.502E-04
 10  3 11  70 15 40 10.0   0.112E-03
 10  3 11  70 15 41 40.0   0.425E-04
 10  3 11  70 15 43 10.0   0.603E-04
 10  3 11  70 15 44 40.0   0.406E-04
 10  3 11  70 15 46 10.0   0.127E-04
 10  3 11  70 15 47 40.0   0.125E-03
 10  3 11  70 15 49 10.0   0.721E-04
 10  3 11  70 15 50 40.0   0.340E-04
 10  3 11  70 15 52 10.0   0.472E-04
 10  3 11  70 15 53 40.0   0.858E-04
 10  3 11  70 15 55 10.0   0.106E-03
 10  3 11  70 15 56 40.0   0.192E-03
 10  3 11  70 15 58 10.0   0.210E-02
 10  3 11  70 15 59 40.0   0.187E-02
 10  3 11  70 16  1 10.0   0.100E-03
 10  3 11  70 16  2 40.0   0.129E-03
 10  3 11  70 16  4 10.0   0.161E-03
 10  3 11  70 16  5 40.0   0.313E-04
 10  3 11  70 16  7 10.0   0.969E-04
 10  3 11  70 16  8 40.0   0.173E-03
 10  3 11  70 16 10 10.0   0.185E-03
 10  3 11  70 16 11 40.0   0.209E-03
 10  3 11  70 16 13 10.0   0.280E-03
 10  3 11  70 16 14 40.0   0.152E-03
 10  3 11  70 16 16 10.0   0.552E-04
 10  3 11  70 16 17 40.0   0.120E-03
 10  3 11  70 16 19 10.0   0.183E-04
 10  3 11  70 16 20 40.0   0.153E-03
 10  3 11  70 16 22 10.0   0.903E-04
 10  3 11  70 16 23 40.0   0.187E-03
 10  3 11  70 16 25 10.0   0.415E-03
 10  3 11  70 16 26 40.0   0.354E-03
 10  3 11  70 16 28 10.0   0.226E-03
 10  3 11  70 16 29 40.0   0.814E-04
 10  3 11  70 16 31 10.0   0.178E-03
 10  3 11  70 16 32 40.0   0.139E-03
 10  3 11  70 16 34 10.0   0.479E-04
 10  3 11  70 16 35 40.0   0.564E-04
 10  3 11  70 16 37 10.0   0.837E-04
 10  3 11  70 16 38 40.0   0.896E-04
 10  3 11  70 16 40 10.0   0.528E-04
 10  3 11  70 16 41 40.0   0.217E-03
 10  3 11  70 16 43 10.0   0.722E-03
 10  3 11  70 16 44 40.0   0.499E-03
 10  3 11  70 16 46 10.0   0.377E-03
 10  3 11  70 16 47 40.0   0.500E-03
 10  3 11  70 16 49 10.0   0.182E-03
 10  3 11  70 16 50 40.0   0.359E-04
 10  3 11  70 16 52 10.0   0.128E-02
 10  3 11  70 16 53 40.0   0.166E-02
 10  3 11  70 16 55 10.0   0.135E-02
 10  3 11  70 16 56 40.0   0.947E-03
 10  3 11  70 16 58 10.0   0.435E-03
 10  3 11  70 16 59 40.0   0.992E-03
 10  3 11  70 17  1 10.0   0.523E-02
 10  3 11  70 17  2 40.0   0.431E-02
 10  3 11  70 17  4 10.0   0.979E-03
 10  3 11  70 17  5 40.0   0.690E-03
 10  3 11  70 17  7 10.0   0.573E-03
 10  3 11  70 17  8 40.0   0.748E-03
 10  3 11  70 17 10 10.0   0.586E-03
 10  3 11  70 17 11 40.0   0.409E-03
 10  3 11  70 17 13 10.0   0.731E-04
 10  3 11  70 17 14 40.0   0.260E-03
 10  3 11  70 17 16 10.0   0.525E-03
 10  3 11  70 17 17 40.0   0.774E-02
 10  3 11  70 17 19 10.0   0.131E-01
 10  3 11  70 17 20 40.0   0.507E-02
 10  3 11  70 17 22 10.0   0.111E-03
 10  3 11  70 17 23 40.0   0.215E-03
 10  3 11  70 17 25 10.0   0.752E-03
 10  3 11  70 17 26 40.0   0.101E-02
 10  3 11  70 17 28 10.0   0.299E-03
 10  3 11  70 17 29 40.0   0.429E-04
 10  3 11  70 17 31 10.0   0.772E-04
 10  3 11  70 17 32 40.0   0.915E-04
 10  3 11  70 17 34 10.0   0.739E-04
 10  3 11  70 17 35 40.0   0.110E-03
 10  3 11  70 17 37 10.0   0.134E-03
 10  3 11  70 17 38 40.0   0.203E-03
 10  3 11  70 17 40 10.0   0.173E-03
 10  3 11  70 17 41 40.0   0.112E-03
 10  3 11  70 17 43 10.0   0.218E-03
 10  3 11  70 17 44 40.0   0.206E-03
 10  3 11  70 17 46 10.0   0.154E-03
 10  3 11  70 17 47 40.0   0.293E-04
 10  3 11  70 17 49 10.0   0.103E-03
 10  3 11  70 17 50 40.0   0.128E-03
 10  3 11  70 17 52 10.0   0.487E-04
 10  3 11  70 17 53 40.0   0.351E-04
 10  3 11  70 17 55 10.0   0.774E-04
 10  3 11  70 17 56 40.0   0.692E-04
 10  3 11  70 17 58 10.0   0.986E-04
 10  3 11  70 17 59 40.0   0.455E-04
 10  3 11  70 18  1 10.0   0.944E-05
 10  3 11  70 18  2 40.0   0.113E-03
 10  3 11  70 18  4 10.0   0.733E-02
 10  3 11  70 18  5 40.0   0.794E-02
 10  3 11  70 18  7 10.0   0.467E-02
 10  3 11  70 18  8 40.0   0.229E-02
 10  3 11  70 18 10 10.0   0.146E-03
 10  3 11  70 18 11 40.0   0.377E-02
 10  3 11  70 18 13 10.0   0.632E-01
 10  3 11  70 18 14 40.0   0.895E-01
 10  3 11  70 18 16 10.0   0.226E-01
 10  3 11  70 18 17 40.0   0.196E-01
 10  3 11  70 18 19 10.0   0.169E-01
 10  3 11  70 18 20 40.0   0.969E-02
 10  3 11  70 18 22 10.0   0.199E-02
 10  3 11  70 18 23 40.0   0.738E-03
 10  3 11  70 18 25 10.0   0.342E-03
 10  3 11  70 18 26 40.0   0.377E-03
 10  3 11  70 18 28 10.0   0.113E-02
 10  3 11  70 18 29 40.0   0.623E-03
 10  3 11  70 18 31 10.0   0.106E-03
 10  3 11  70 18 32 40.0   0.199E-03
 10  3 11  70 18 34 10.0   0.660E-03
 10  3 11  70 18 35 40.0   0.131E-02
 10  3 11  70 18 37 10.0   0.863E-03
 10  3 11  70 18 38 40.0   0.234E-03
 10  3 11  70 18 40 10.0   0.376E-03
 10  3 11  70 18 41 40.0   0.309E-03
 10  3 11  70 18 43 10.0   0.250E-03
 10  3 11  70 18 44 40.0   0.394E-03
 10  3 11  70 18 46 10.0   0.910E-03
 10  3 11  70 18 47 40.0   0.765E-03
 10  3 11  70 18 49 10.0   0.296E-03
 10  3 11  70 18 50 40.0   0.586E-03
 10  3 11  70 18 52 10.0   0.323E-03
 10  3 11  70 18 53 40.0   0.390E-03
 10  3 11  70 18 55 10.0   0.976E-03
 10  3 11  70 18 56 40.0   0.143E-02
 10  3 11  70 18 58 10.0   0.187E-02
 10  3 11  70 18 59 40.0   0.120E-02
 10  3 11  70 19  1 10.0   0.951E-03
 10  3 11  70 19  2 40.0   0.494E-03
 10  3 11  70 19  4 10.0   0.284E-03
 10  3 11  70 19  5 40.0   0.329E-03
 10  3 11  70 19  7 10.0   0.160E-03
 10  3 11  70 19  8 40.0   0.872E-04
 10  3 11  70 19 10 10.0   0.820E-04
 10  3 11  70 19 11 40.0   0.477E-04
 10  3 11  70 19 13 10.0   0.713E-04
 10  3 11  70 19 14 40.0   0.113E-03
 10  3 11  70 19 16 10.0   0.161E-03
 10  3 11  70 19 17 40.0   0.110E-03
 10  3 11  70 19 19 10.0   0.161E-04
 10  3 11  70 19 20 40.0   0.769E-04
 10  3 11  70 19 22 10.0   0.173E-03
 10  3 11  70 19 23 40.0   0.452E-03
 10  3 11  70 19 25 10.0   0.527E-03
 10  3 11  70 19 26 40.0   0.128E-03
 10  3 11  70 19 28 10.0   0.942E-04
 10  3 11  70 19 29 40.0   0.651E-04
 10  3 11  70 19 31 10.0   0.759E-04
 10  3 11  70 19 32 40.0   0.103E-03
 10  3 11  70 19 34 10.0   0.104E-03
 10  3 11  70 19 35 40.0   0.645E-04
 10  3 11  70 19 37 10.0   0.873E-04
 10  3 11  70 19 38 40.0   0.915E-04
 10  3 11  70 19 40 10.0   0.675E-04
 10  3 11  70 19 41 40.0   0.153E-03
 10  3 11  70 19 43 10.0   0.830E-04
 10  3 11  70 19 44 40.0   0.714E-04
 10  3 11  70 19 46 10.0   0.139E-03
 10  3 11  70 19 47 40.0   0.104E-03
 10  3 11  70 19 49 10.0   0.138E-02
 10  3 11  70 19 50 40.0   0.288E-02
 10  3 11  70 19 52 10.0   0.193E-02
 10  3 11  70 19 53 40.0   0.665E-03
 10  3 11  70 19 55 10.0   0.134E-03
 10  3 11  70 19 56 40.0   0.549E-03
 10  3 11  70 19 58 10.0   0.269E-03
 10  3 11  70 19 59 40.0   0.328E-03
 10  3 11  70 20  1 10.0   0.256E-03
 10  3 11  70 20  2 40.0   0.155E-03
 10  3 11  70 20  4 10.0   0.147E-03
 10  3 11  70 20  5 40.0   0.135E-03
 10  3 11  70 20  7 10.0   0.304E-03
 10  3 11  70 20  8 40.0   0.416E-03
 10  3 11  70 20 10 10.0   0.224E-03
 10  3 11  70 20 11 40.0   0.758E-04
 10  3 11  70 20 13 10.0   0.110E-03
 10  3 11  70 20 14 40.0   0.287E-03
 10  3 11  70 20 16 10.0   0.316E-03
 10  3 11  70 20 17 40.0   0.166E-03
 10  3 11  70 20 19 10.0   0.546E-04
 10  3 11  70 20 20 40.0   0.236E-04
 10  3 11  70 20 22 10.0   0.850E-04
 10  3 11  70 20 23 40.0   0.139E-03
 10  3 11  70 20 25 10.0   0.206E-04
 10  3 11  70 20 26 40.0   0.123E-03
 10  3 11  70 20 28 10.0   0.818E-04
 10  3 11  70 20 29 40.0   0.378E-04
 10  3 11  70 20 31 10.0   0.529E-04
 10  3 11  70 20 32 40.0   0.235E-03
 10  3 11  70 20 34 10.0   0.348E-03
 10  3 11  70 20 35 40.0   0.101E-03
 10  3 11  70 20 37 10.0   0.339E-04
 10  3 11  70 20 38 40.0   0.699E-04
 10  3 11  70 20 40 10.0   0.152E-03
 10  3 11  70 20 41 40.0   0.143E-03
 10  3 11  70 20 43 10.0   0.147E-03
 10  3 11  70 20 44 40.0   0.402E-04
 10  3 11  70 20 46 10.0   0.742E-04
 10  3 11  70 20 47 40.0   0.540E-04
 10  3 11  70 20 49 10.0   0.215E-03
 10  3 11  70 20 50 40.0   0.165E-03
 10  3 11  70 20 52 10.0   0.159E-03
 10  3 11  70 20 53 40.0   0.297E-03
 10  3 11  70 20 55 10.0   0.297E-03
 10  3 11  70 20 56 40.0   0.107E-03
 10  3 11  70 20 58 10.0   0.313E-04
 10  3 11  70 20 59 40.0   0.690E-04
 10  3 11  70 21  1 10.0   0.838E-04
 10  3 11  70 21  2 40.0   0.111E-03
 10  3 11  70 21  4 10.0   0.794E-04
 10  3 11  70 21  5 40.0   0.849E-04
 10  3 11  70 21  7 10.0   0.419E-04
 10  3 11  70 21  8 40.0   0.113E-03
 10  3 11  70 21 10 10.0   0.263E-03
 10  3 11  70 21 11 40.0   0.475E-03
 10  3 11  70 21 13 10.0   0.414E-03
 10  3 11  70 21 14 40.0   0.179E-03
 10  3 11  70 21 16 10.0   0.129E-03
 10  3 11  70 21 17 40.0   0.156E-03
 10  3 11  70 21 19 10.0   0.844E-04
 10  3 11  70 21 20 40.0   0.181E-04
 10  3 11  70 21 22 10.0   0.190E-04
 10  3 11  70 21 23 40.0   0.272E-04
 10  3 11  70 21 25 10.0   0.466E-04
 10  3 11  70 21 26 40.0   0.159E-04
 10  3 11  70 21 28 10.0   0.349E-04
 10  3 11  70 21 29 40.0   0.677E-04
 10  3 11  70 21 31 10.0   0.105E-03
 10  3 11  70 21 32 40.0   0.124E-03
 10  3 11  70 21 34 10.0   0.551E-04
 10  3 11  70 21 35 40.0   0.902E-04
 10  3 11  70 21 37 10.0   0.260E-04
 10  3 11  70 21 38 40.0   0.164E-04
 10  3 11  70 21 40 10.0   0.367E-04
 10  3 11  70 21 41 40.0   0.760E-04
 10  3 11  70 21 43 10.0   0.970E-04
 10  3 11  70 21 44 40.0   0.547E-04
 10  3 11  70 21 46 10.0   0.687E-04
 10  3 11  70 21 47 40.0   0.369E-04
 10  3 11  70 21 49 10.0   0.311E-04
 10  3 11  70 21 50 40.0   0.158E-03
 10  3 11  70 21 52 10.0   0.173E-03
 10  3 11  70 21 53 40.0   0.552E-04
 10  3 11  70 21 55 10.0   0.272E-04
 10  3 11  70 21 56 40.0   0.433E-04
 10  3 11  70 21 58 10.0   0.383E-04
 10  3 11  70 21 59 40.0   0.351E-04
 10  3 11  70 22  1 10.0   0.478E-04
 10  3 11  70 22  2 40.0   0.439E-04
 10  3 11  70 22  4 10.0   0.553E-04
 10  3 11  70 22  5 40.0   0.640E-04
 10  3 11  70 22  7 10.0   0.355E-03
 10  3 11  70 22  8 40.0   0.296E-03
 10  3 11  70 22 10 10.0   0.741E-04
 10  3 11  70 22 11 40.0   0.536E-04
 10  3 11  70 22 13 10.0   0.327E-04
 10  3 11  70 22 14 40.0   0.403E-04
 10  3 11  70 22 16 10.0   0.344E-04
 10  3 11  70 22 17 40.0   0.297E-04
 10  3 11  70 22 19 10.0   0.976E-04
 10  3 11  70 22 20 40.0   0.978E-04
 10  3 11  70 22 22 10.0   0.109E-03
 10  3 11  70 22 23 40.0   0.864E-04
 10  3 11  70 22 25 10.0   0.478E-04
 10  3 11  70 22 26 40.0   0.139E-03
 10  3 11  70 22 28 10.0   0.220E-03
 10  3 11  70 22 29 40.0   0.721E-04
 10  3 11  70 22 31 10.0   0.856E-04
 10  3 11  70 22 32 40.0   0.662E-04
 10  3 11  70 22 34 10.0   0.636E-03
 10  3 11  70 22 35 40.0   0.577E-03
 10  3 11  70 22 37 10.0   0.390E-03
 10  3 11  70 22 38 40.0   0.771E-03
 10  3 11  70 22 40 10.0   0.548E-03
 10  3 11  70 22 41 40.0   0.525E-03
 10  3 11  70 22 43 10.0   0.277E-03
 10  3 11  70 22 44 40.0   0.414E-04
 10  3 11  70 22 46 10.0   0.114E-03
 10  3 11  70 22 47 40.0   0.256E-03
 10  3 11  70 22 49 10.0   0.104E-03
 10  3 11  70 22 50 40.0   0.589E-04
 10  3 11  70 22 52 10.0   0.328E-04
 10  3 11  70 22 53 40.0   0.930E-04
 10  3 11  70 22 55 10.0   0.335E-03
 10  3 11  70 22 56 40.0   0.347E-03
 10  3 11  70 22 58 10.0   0.789E-04
 10  3 11  70 22 59 40.0   0.150E-03
 10  3 11  70 23  1 10.0   0.205E-03
 10  3 11  70 23  2 40.0   0.306E-03
 10  3 11  70 23  4 10.0   0.417E-03
 10  3 11  70 23  5 40.0   0.206E-03
 10  3 11  70 23  7 10.0   0.254E-03
 10  3 11  70 23  8 40.0   0.259E-03
 10  3 11  70 23 10 10.0   0.200E-03
 10  3 11  70 23 11 40.0   0.231E-03
 10  3 11  70 23 13 10.0   0.247E-03
 10  3 11  70 23 14 40.0   0.199E-03
 10  3 11  70 23 16 10.0   0.317E-03
 10  3 11  70 23 17 40.0   0.458E-03
 10  3 11  70 23 19 10.0   0.124E-03
 10  3 11  70 23 20 40.0   0.193E-03
 10  3 11  70 23 22 10.0   0.187E-03
 10  3 11  70 23 23 40.0   0.172E-03
 10  3 11  70 23 25 10.0   0.329E-03
 10  3 11  70 23 26 40.0   0.643E-03
 10  3 11  70 23 28 10.0   0.318E-03
 10  3 11  70 23 29 40.0   0.178E-02
 10  3 11  70 23 31 10.0   0.131E-02
 10  3 11  70 23 32 40.0   0.484E-03
 10  3 11  70 23 34 10.0   0.824E-03
 10  3 11  70 23 35 40.0   0.871E-03
 10  3 11  70 23 37 10.0   0.130E-02
 10  3 11  70 23 38 40.0   0.326E-03
 10  3 11  70 23 40 10.0   0.132E-02
 10  3 11  70 23 41 40.0   0.992E-03
 10  3 11  70 23 43 10.0   0.190E-03
 10  3 11  70 23 44 40.0   0.144E-02
 10  3 11  70 23 46 10.0   0.131E-02
 10  3 11  70 23 47 40.0   0.316E-03
 10  3 11  70 23 49 10.0   0.223E-03
 10  3 11  70 23 50 40.0   0.415E-03
 10  3 11  70 23 52 10.0   0.771E-03
 10  3 11  70 23 53 40.0   0.845E-03
 10  3 11  70 23 55 10.0   0.159E-03
 10  3 11  70 23 56 40.0   0.310E-03
